id,feature,weight,t1,t2,t3,t4,t5,t6,t7,t8,t9,t10,t11,t12,t13,t14,t15,t16,t17,t18,t19,t20,t21,t22,t23,t24,t25,t26,t27,t28,t29,t30
mh0,mh0,50.0,2,2,1,25,25,2,2,2,2,2,17,18,16,2,19,17,0,2,2,15,0,7,2,2,2,2,12,2,2,2
mh1,mh1,50.0,12,21,1,1,1,1,1,1,20,1,1,1,1,6,1,1,1,14,21,16,4,1,1,1,1,10,6,16,21,23
mh2,mh2,50.0,11,1,1,1,1,1,1,1,1,1,1,1,1,1,1,1,2,13,1,1,3,2,8,8,8,1,1,1,1,1
mh3,mh3,50.0,13,29,1,1,1,20,1,22,27,1,1,1,14,1,16,1,2,1,1,14,2,1,5,5,9,1,1,14,1,1
mh4,mh4,50.0,15,1,0,1,1,1,19,1,23,1,19,19,1,1,19,22,4,1,26,18,2,6,1,12,1,1,0,18,28,1
mh5,mh5,50.0,0,20,1,1,1,1,1,1,19,1,16,16,1,4,16,16,4,13,19,15,4,8,9,9,10,0,4,1,19,19
mh6,mh6,50.0,1,19,1,1,1,1,1,14,1,1,10,10,1,1,10,10,1,1,17,1,1,1,1,1,5,6,1,1,16,19
mh7,mh7,50.0,25,46,1,1,1,33,28,36,32,1,30,28,1,0,28,30,7,0,42,1,7,7,9,9,7,23,0,1,40,32
mh8,mh8,50.0,13,0,1,1,1,1,1,1,1,1,1,21,1,1,20,1,1,1,0,1,1,5,1,1,1,1,1,1,25,0
mh9,mh9,50.0,2,27,1,1,1,1,23,1,1,13,23,23,21,2,23,24,2,2,1,16,4,2,2,2,2,2,2,16,1,30
mh10,mh10,50.0,16,23,1,1,1,1,1,1,1,1,1,1,1,3,1,1,4,3,23,1,5,3,0,0,11,3,0,1,23,23
mh11,mh11,50.0,10,18,1,1,1,1,1,16,17,11,1,1,11,1,1,1,1,1,1,11,1,4,6,6,1,1,1,11,1,1
mnh0,mnh0,50.0,35,50,1,1,1,1,1,1,50,1,1,1,1,1,49,1,1,37,50,48,1,1,1,2,8,1,10,42,50,50
mnh1,mnh1,50.0,14,22,1,1,1,1,1,1,21,1,1,1,1,2,1,1,5,2,21,1,4,7,2,2,2,2,2,1,21,23
mnh2,mnh2,50.0,6,1,1,1,1,1,1,1,1,1,7,7,1,1,7,7,1,6,1,1,1,1,3,3,4,1,1,1,1,1
mnh3,mnh3,50.0,1,19,1,20,20,15,1,15,12,1,1,11,1,7,1,1,1,1,19,1,1,1,3,3,5,9,9,1,19,19
mnh4,mnh4,50.0,1,1,1,1,1,1,1,15,1,1,1,1,1,1,1,14,1,1,16,1,1,1,1,1,1,1,8,1,1,1
mnh5,mnh5,50.0,10,31,1,1,1,1,1,24,1,20,1,1,17,1,1,1,3,13,27,23,3,3,6,6,5,1,1,17,27,27
mnh6,mnh6,50.0,1,1,36,36,36,1,30,1,1,21,1,33,21,1,33,1,3,1,1,26,3,3,1,1,9,10,10,21,1,1
mnh7,mnh7,50.0,1,1,1,1,1,1,1,19,1,11,1,1,11,1,1,15,1,1,1,11,4,1,1,1,1,1,1,11,22,1
mnh8,mnh8,50.0,1,25,1,1,1,20,1,20,23,1,14,17,1,1,17,14,2,10,1,12,2,2,1,1,1,1,1,12,1,1
mnh9,mnh9,50.0,19,33,1,1,1,1,1,1,1,1,23,1,1,3,1,23,3,3,30,1,3,3,3,3,3,3,3,1,1,1
mnh10,mnh10,50.0,15,25,26,1,1,1,1,1,1,1,19,1,1,1,1,19,1,1,1,16,5,9,1,1,1,1,1,1,1,1
mnh11,mnh11,50.0,2,1,1,1,1,1,2,1,1,2,2,2,22,2,2,2,5,2,27,20,5,5,10,10,14,2,16,19,27,1
mnh12,mnh12,50.0,1,24,1,1,1,1,1,1,1,1,1,1,1,1,22,1,7,19,1,20,14,7,1,1,1,1,1,1,1,24
mnh13,mnh13,50.0,15,22,1,1,1,1,1,1,21,1,1,20,17,10,20,19,2,6,21,1,2,2,7,7,6,11,10,1,21,22
mnh14,mnh14,50.0,1,1,1,1,1,1,1,1,1,9,1,1,10,1,1,1,1,1,1,10,1,1,1,3,4,1,1,10,1,1
mnh15,mnh15,50.0,8,27,1,1,1,1,1,1,1,1,1,1,10,6,1,1,1,1,28,17,1,1,1,4,1,6,6,21,27,27
mnh16,mnh16,50.0,1,26,1,1,1,1,1,1,1,21,1,23,21,1,23,1,1,15,27,21,7,1,9,9,1,1,14,21,27,26
mnh17,mnh17,50.0,3,37,1,1,1,1,1,1,1,25,29,29,25,8,29,29,3,3,33,27,5,3,7,7,3,20,21,25,1,1
mnh18,mnh18,50.0,22,35,1,37,37,1,2,1,1,25,30,2,2,2,2,30,2,2,35,26,2,2,2,2,8,9,2,29,35,35
mnh19,mnh19,50.0,1,38,1,1,1,32,1,32,1,1,27,27,1,10,30,27,1,14,33,25,1,1,4,4,1,5,5,25,35,37
mnh20,mnh20,50.0,1,20,1,1,1,1,1,1,1,1,1,1,1,1,1,1,1,1,1,15,3,1,6,6,10,1,1,15,1,1
mnh21,mnh21,50.0,2,1,33,1,1,1,23,1,1,1,21,26,20,2,21,25,8,2,28,20,13,15,16,16,2,17,2,20,32,1
mnh22,mnh22,50.0,1,17,1,1,1,1,1,12,1,1,9,9,1,1,10,9,1,1,14,1,3,1,1,1,1,1,1,1,1,1
mnh23,mnh23,50.0,7,1,1,1,1,1,16,1,1,1,1,1,1,7,1,1,1,7,19,15,5,1,7,7,7,10,10,1,19,1
mnh24,mnh24,50.0,4,1,1,1,1,1,12,1,1,1,13,13,1,9,14,13,2,4,15,10,3,2,1,1,1,4,4,10,1,1
mnh25,mnh25,50.0,1,25,1,1,1,1,1,1,1,1,1,1,16,1,1,19,1,1,24,7,1,1,2,2,5,1,1,1,1,1
mnh26,mnh26,50.0,19,1,1,1,1,24,1,24,1,1,1,23,1,1,1,1,4,1,25,1,5,4,1,1,1,15,16,20,1,1
mnh27,mnh27,50.0,12,41,1,1,1,1,27,1,31,1,1,1,1,1,29,1,3,1,30,26,3,1,1,1,1,6,1,17,32,30
mnh28,mnh28,50.0,23,28,1,1,1,1,26,1,29,2,2,2,2,2,2,2,7,21,28,25,10,7,2,2,15,17,20,2,28,28
mnh29,mnh29,50.0,6,1,1,1,1,1,1,1,1,1,9,9,1,1,9,9,1,1,1,7,1,1,4,4,1,1,5,1,1,1
mnh30,mnh30,50.0,9,26,27,1,1,1,17,1,23,1,17,17,1,1,20,17,2,1,23,16,2,2,3,3,1,1,1,1,23,25
mnh31,mnh31,50.0,1,23,1,1,1,1,19,21,1,12,1,1,12,7,1,1,1,11,1,14,1,1,1,1,6,7,10,13,1,1
mnh32,mnh32,50.0,20,51,1,1,1,53,1,52,51,45,1,1,45,40,1,1,12,42,51,47,17,12,20,20,37,40,40,45,55,60
mnh33,mnh33,50.0,2,31,1,34,34,1,15,1,19,8,1,17,14,2,1,1,2,2,21,11,2,2,6,6,2,2,2,11,21,21
mnh34,mnh34,50.0,12,1,26,26,26,1,20,1,1,1,18,22,1,1,22,18,2,14,1,16,2,2,1,1,5,1,1,1,1,1
mnh35,mnh35,50.0,8,1,1,1,1,1,1,1,11,1,1,1,1,7,1,1,5,7,13,1,1,1,7,7,7,7,7,1,1,1
mnh36,mnh36,50.0,28,37,1,1,1,1,1,1,37,1,30,34,1,24,34,32,1,1,37,29,16,1,20,20,19,25,24,29,43,37
mnh37,mnh37,50.0,18,1,1,1,1,1,1,1,1,1,27,27,25,14,27,27,9,22,1,25,9,9,13,13,9,14,14,25,1,1
mnh38,mnh38,50.0,7,26,1,1,1,1,15,17,1,1,16,15,1,7,15,16,2,7,20,10,2,2,2,2,2,7,7,12,1,1
mnh39,mnh39,50.0,13,1,1,1,1,1,1,1,26,17,1,1,17,1,1,1,3,14,1,18,6,3,1,8,10,11,11,18,1,1
mnh40,mnh40,50.0,18,27,1,1,1,1,1,1,1,21,1,1,1,1,1,1,7,19,1,23,7,7,13,1,1,1,17,1,1,1
mnh41,mnh41,50.0,11,23,1,1,1,1,1,21,23,1,1,1,14,1,1,19,1,1,23,13,1,1,5,1,8,1,1,1,23,23
mnh42,mnh42,50.0,2,20,1,1,1,1,1,1,18,1,1,17,1,2,17,1,2,12,18,1,2,2,2,2,9,2,2,1,18,20
mnh43,mnh43,50.0,3,30,1,1,1,1,1,22,1,12,1,1,12,3,1,1,3,3,1,12,3,3,3,3,3,3,3,16,1,24
mnh44,mnh44,50.0,1,1,1,1,1,1,1,1,1,1,1,40,1,1,40,1,9,1,1,38,9,13,15,15,1,25,30,39,42,1
mnh45,mnh45,50.0,1,25,1,1,1,1,1,1,1,1,1,23,1,1,1,1,1,1,1,1,2,1,1,17,1,1,1,1,1,1
mnh46,mnh46,50.0,1,34,1,1,1,1,1,32,1,20,1,1,19,1,1,1,1,1,33,21,1,1,1,1,1,2,10,27,1,34
mnh47,mnh47,50.0,1,18,1,1,1,1,1,1,1,1,1,1,1,1,1,1,1,1,15,1,1,1,1,1,1,6,1,9,16,1
lpsh0,lpsh0,1.0,1,25,0,0,0,0,16,0,0,0,17,17,0,1,17,17,1,12,20,0,1,3,1,1,6,1,9,0,20,25
lpsh1,lpsh1,1.0,7,16,1,19,19,3,3,3,3,10,3,3,13,8,3,3,3,7,17,12,3,3,3,3,3,7,7,10,17,16
lpsh2,lpsh2,1.0,10,29,1,1,1,1,1,1,21,1,1,1,1,2,1,14,4,2,23,1,2,2,5,2,2,7,2,1,24,29
lpsh3,lpsh3,1.0,2,1,1,1,1,1,1,1,1,1,1,26,1,2,26,1,2,2,1,1,9,2,2,13,2,15,14,1,1,1
lpsh4,lpsh4,1.0,9,20,22,22,22,17,1,1,18,1,1,1,15,1,1,1,1,1,1,12,3,1,1,1,4,1,1,12,19,1
lpsh5,lpsh5,1.0,9,20,1,1,1,1,1,1,1,13,1,1,14,1,1,1,2,1,1,14,2,2,1,1,1,5,1,14,1,20
lpsh6,lpsh6,1.0,0,14,0,0,0,0,0,0,0,0,0,0,5,0,0,0,0,0,10,5,0,0,0,0,0,0,0,5,9,12
lpsh7,lpsh7,1.0,6,37,1,1,1,1,1,1,1,23,1,1,27,6,1,30,6,22,1,23,6,6,6,11,6,6,16,24,1,35
lpsh8,lpsh8,1.0,1,1,1,1,1,1,1,1,1,1,1,17,1,1,17,16,2,1,23,1,1,1,0,3,1,10,11,1,22,1
lpsh9,lpsh9,1.0,1,21,1,1,1,1,1,1,1,1,1,1,16,1,1,1,1,1,19,15,1,4,8,8,6,1,1,14,19,22
lpsh10,lpsh10,1.0,1,16,1,1,1,1,1,1,1,1,1,12,1,1,1,1,5,1,15,10,0,1,1,1,1,1,1,9,14,16
lpsh11,lpsh11,1.0,12,35,1,1,1,25,1,27,30,14,1,1,14,4,1,23,4,4,31,21,4,4,5,4,9,4,4,14,32,35
lpsnh0,lpsnh0,1.0,2,34,1,1,1,28,23,28,28,19,25,23,19,2,23,27,2,2,30,20,3,2,2,7,14,16,2,19,28,28
lpsnh1,lpsnh1,1.0,16,27,1,1,1,3,3,3,3,3,3,3,3,12,3,3,6,3,3,3,6,6,11,3,3,12,12,3,20,3
lpsnh2,lpsnh2,1.0,23,31,32,1,1,28,1,1,1,1,1,1,1,1,1,1,1,1,1,1,9,14,15,15,1,18,1,1,1,1
lpsnh3,lpsnh3,1.0,1,25,1,1,1,19,11,1,1,9,1,17,9,1,17,16,1,1,23,9,1,1,1,1,1,1,1,9,21,21
lpsnh4,lpsnh4,1.0,20,38,1,1,1,27,1,32,27,1,1,1,23,17,26,1,3,3,27,1,3,3,3,3,12,17,17,1,27,38
lpsnh5,lpsnh5,1.0,16,28,1,1,1,1,2,1,1,2,2,25,2,6,2,2,2,19,28,2,2,2,2,2,5,7,13,2,28,31
lpsnh6,lpsnh6,1.0,2,28,1,1,1,2,19,2,2,2,20,20,2,2,22,20,4,16,2,17,4,10,2,2,12,2,2,2,2,2
lpsnh7,lpsnh7,1.0,8,17,1,1,1,1,1,1,1,1,1,12,1,1,12,1,1,1,1,10,1,1,1,1,1,4,6,10,1,1
lpsnh8,lpsnh8,1.0,6,47,1,1,1,26,4,26,42,4,23,24,22,8,24,23,4,6,2,4,4,4,4,4,4,8,8,4,2,45
lpsnh9,lpsnh9,1.0,1,22,1,1,1,1,19,1,1,1,19,19,18,11,19,20,4,1,1,1,4,1,1,1,7,15,11,1,1,1
lpsnh10,lpsnh10,1.0,11,1,1,1,1,1,1,17,1,1,14,14,1,2,14,14,2,11,1,1,2,2,2,2,7,2,2,1,1,1
lpsnh11,lpsnh11,1.0,1,1,1,1,1,1,1,1,1,1,11,11,1,1,13,11,1,1,1,1,3,1,1,1,1,1,1,10,1,1
lpsnh12,lpsnh12,1.0,2,30,1,1,1,1,1,1,1,1,1,1,1,2,1,1,2,2,1,1,2,3,2,2,16,2,2,1,1,1
lpsnh13,lpsnh13,1.0,1,23,1,1,1,17,1,17,17,1,1,1,13,1,1,1,4,1,17,1,4,4,1,1,1,10,1,1,17,17
lpsnh14,lpsnh14,1.0,18,25,1,1,29,1,1,1,25,1,20,20,1,9,20,20,1,1,25,19,2,3,6,6,5,14,9,19,25,28
lpsnh15,lpsnh15,1.0,12,21,1,1,1,18,1,1,19,1,1,1,1,8,1,1,5,1,19,14,4,4,6,1,7,8,8,14,19,23
lpsnh16,lpsnh16,1.0,1,38,1,1,1,1,22,1,1,1,22,22,1,1,22,22,4,1,27,1,7,10,15,17,18,20,1,1,27,1
lpsnh17,lpsnh17,1.0,1,39,1,1,1,1,1,1,1,20,28,30,20,15,28,29,1,1,32,26,2,1,10,1,1,17,15,26,32,35
lpsnh18,lpsnh18,1.0,3,28,1,1,1,17,1,1,1,1,12,14,1,3,12,12,1,3,18,10,1,1,5,5,6,3,3,10,1,1
lpsnh19,lpsnh19,1.0,14,26,1,1,1,21,1,1,22,1,16,17,1,13,1,1,1,1,23,1,1,1,1,1,1,13,13,1,23,23
lpsnh20,lpsnh20,1.0,3,32,34,1,1,24,1,25,1,1,1,1,19,3,1,21,1,3,1,17,2,1,5,5,3,3,3,13,1,1
lpsnh21,lpsnh21,1.0,1,1,1,1,1,20,1,1,1,1,1,1,1,1,1,18,2,1,1,15,3,5,1,1,1,1,10,14,26,1
lpsnh22,lpsnh22,1.0,7,1,1,1,1,1,1,1,1,1,15,20,1,1,20,15,1,9,1,12,1,1,1,1,1,1,1,14,1,1
lpsnh23,lpsnh23,1.0,2,55,1,1,1,1,28,38,39,16,28,28,16,2,28,28,2,2,39,16,2,7,9,9,8,2,11,25,39,39
lpsnh24,lpsnh24,1.0,33,1,1,1,1,42,38,1,1,1,40,40,1,23,40,40,1,34,1,37,21,1,1,1,1,24,26,37,44,1
lpsnh25,lpsnh25,1.0,2,44,1,1,1,1,22,1,1,1,24,33,1,2,1,30,7,2,1,18,7,7,2,2,2,10,2,14,1,1
lpsnh26,lpsnh26,1.0,1,25,1,1,1,1,1,1,1,1,24,1,21,1,1,24,1,15,25,19,1,1,6,6,6,1,1,19,25,25
lpsnh27,lpsnh27,1.0,12,43,1,1,1,1,1,1,1,1,25,21,1,9,34,25,4,9,42,14,3,5,10,10,10,11,9,14,40,43
lpsnh28,lpsnh28,1.0,16,1,1,1,1,1,1,1,1,1,1,19,1,1,19,1,1,18,22,1,1,1,1,1,2,1,5,1,21,1
lpsnh29,lpsnh29,1.0,62,2,85,85,85,75,2,2,2,65,2,2,70,2,73,72,5,2,2,66,5,2,15,18,19,20,20,65,83,2
lpsnh30,lpsnh30,1.0,3,33,1,1,1,21,1,1,1,1,18,18,1,3,18,18,1,3,1,13,1,1,4,4,4,10,3,1,1,1
lpsnh31,lpsnh31,1.0,15,24,1,1,1,1,1,1,24,17,1,22,1,2,22,1,2,15,24,18,2,2,2,2,14,2,2,19,24,24
lpsnh32,lpsnh32,1.0,1,1,1,1,1,1,21,1,26,18,21,24,19,1,24,23,1,13,1,20,7,1,9,1,11,1,1,19,1,1
lpsnh33,lpsnh33,1.0,2,26,31,1,1,1,1,1,1,1,20,20,1,2,23,20,6,2,28,1,6,5,2,2,2,16,2,17,29,26
lpsnh34,lpsnh34,1.0,3,27,1,29,1,18,17,18,1,11,17,17,14,5,17,17,1,7,20,13,1,1,3,4,3,5,5,13,20,21
lpsnh35,lpsnh35,1.0,9,29,1,1,1,1,15,1,1,2,16,2,2,4,18,17,4,6,21,14,4,4,4,4,4,4,4,11,21,26
lpmh0,lpmh0,1.0,0,46,0,0,0,33,0,33,0,0,0,0,0,1,0,30,2,10,40,0,3,2,1,1,1,1,9,26,40,0
lpmh1,lpmh1,1.0,2,35,1,1,1,1,1,1,27,1,1,0,18,11,0,1,2,14,28,23,6,9,10,10,0,13,11,19,28,36
lpmh2,lpmh2,1.0,13,28,1,1,1,1,1,1,16,1,14,1,1,10,1,14,0,13,0,1,0,0,5,5,7,11,10,1,17,30
lpmh3,lpmh3,1.0,2,52,1,1,1,44,1,44,1,32,1,38,33,2,42,1,3,2,50,31,5,3,19,19,2,25,27,31,1,1
lpmh4,lpmh4,1.0,14,41,1,1,1,1,1,1,34,1,1,1,18,7,1,1,6,7,40,28,5,3,8,8,8,11,7,18,39,44
lpmh5,lpmh5,1.0,1,76,1,1,1,41,1,41,43,28,38,40,28,21,40,1,1,0,63,33,1,1,7,7,0,26,24,28,60,64
lpmh6,lpmh6,1.0,4,31,32,33,33,20,1,1,21,1,13,16,1,4,16,13,2,4,21,12,2,2,4,5,4,4,8,1,21,29
lpmh7,lpmh7,1.0,15,37,1,56,56,1,26,36,0,18,34,21,1,13,21,32,3,12,54,19,3,3,3,3,3,13,13,1,0,37
lpmh8,lpmh8,1.0,21,53,0,0,0,41,38,41,49,0,28,28,0,9,40,28,0,9,52,24,2,0,0,0,6,12,9,0,50,53
lpmh9,lpmh9,1.0,2,62,1,1,1,1,26,1,1,17,1,43,25,16,51,1,2,2,56,22,2,6,9,9,2,14,11,21,56,53
lpmh10,lpmh10,1.0,2,63,64,1,1,1,1,57,1,1,51,52,1,2,52,1,5,47,61,1,5,27,39,2,0,46,2,1,60,58
lpmh11,lpmh11,1.0,12,43,1,44,1,23,1,24,1,1,1,21,19,1,1,1,1,15,28,17,1,1,1,5,1,7,1,18,1,1
lpmnh0,lpmnh0,1.0,19,42,45,1,1,1,26,1,1,1,30,28,1,11,28,28,4,10,40,24,6,4,8,8,8,17,11,1,40,40
lpmnh1,lpmnh1,1.0,12,45,46,47,47,40,2,39,39,2,29,2,2,8,30,28,4,13,39,23,2,2,5,5,2,7,6,24,39,39
lpmnh2,lpmnh2,1.0,2,28,31,1,1,2,2,2,2,2,20,22,2,9,22,20,4,2,2,2,6,4,2,2,2,11,18,2,2,28
lpmnh3,lpmnh3,1.0,1,46,1,1,1,39,1,1,1/40,24,1,38,25,1,38,1,9,18,43,35,9,12,14,14,15,1,1,25,1,1
lpmnh4,lpmnh4,1.0,2,38,1,1,43,1,27,1,1,20,2,33,24,2,33,30,3,2,36,20,5,3,9,9,13,2,2,20,36,38
lpmnh5,lpmnh5,1.0,29,52,1,1,1,43,1,43,47,1,1,41,34,14,42,1,7,32,49,37,8,10,16,16,14,23,14,35,47,47
lpmnh6,lpmnh6,1.0,32,50,1,1,1,1,1,45,1,34,1,40,1,26,41,38,4,1,50,1,12,13,16,18,22,1,1,1,50,50
lpmnh7,lpmnh7,1.0,21,1,1,1,42,1,28,1,1,1,1,32,1,1,32,1,4,24,41,1,4,4,11,7,7,1,18,1,1,1
lpmnh8,lpmnh8,1.0,1,1,1,37,37,29,22,30,1,1,24,27,1,1,27,24,3,1,1,1,3,3,1,1,11,1,1,1,1,1
lpmnh9,lpmnh9,1.0,48,1,74,72,72,1,55,1,1,1,54,56,1,3,56,54,3,52,63,1,13,3,30,34,37,42,46,1,70,71
lpmnh10,lpmnh10,1.0,4,46,1,1,1,1,1,1,43,1,1,37,34,4,36,1,5,4,45,30,6,4,16,11,4,19,4,30,40,40
lpmnh11,lpmnh11,1.0,1,47,1,1,1,38,31,38,39,1,32,32,1,8,32,33,1,1,45,26,3,1,5,5,1,10,23,29,39,39
lpmnh12,lpmnh12,1.0,11,27,1,1,1,1,17,22,27,1,18,18,1,2,18,18,2,2,34,14,2,4,2,2,2,7,10,14,27,27
lpmnh13,lpmnh13,1.0,34,53,1,1,1,1,1,1,45,37,1,1,40,25,1,1,5,19,46,38,5,11,4,4,17,20,20,38,46,53
lpmnh14,lpmnh14,1.0,18,33,34,34,37,3,26,3,3,3,25,25,3,6,25,25,6,6,3,22,6,6,8,8,6,6,6,3,3,3
lpmnh15,lpmnh15,1.0,32,52,61,61,61,47,45,47,4,36,4,4,36,12,4,4,4,34,4,40,4,4,16,16,12,21,30,44,4,4
lpmnh16,lpmnh16,1.0,57,66,1,1,1,1,1,1,1,1,1,1,59,1,1,64,1,1,66,60,52,1,54,54,54,1,1,60,66,66
lpmnh17,lpmnh17,1.0,41,76,1,1,78,5,5,5,5,5,51,55,5,26,66,51,5,43,5,46,5,15,25,25,25,28,26,5,5,5
lpmnh18,lpmnh18,1.0,17,36,1,1,1,2,25,34,2,2,28,30,21,10,30,28,2,20,40,23,3,2,4,4,9,10,10,21,36,36
lpmnh19,lpmnh19,1.0,31,41,1,44,46,1,1,39,1,35,1,1,34,30,1,37,1,32,1,36,4,1,15,16,22,25,28,34,1,42
lpmnh20,lpmnh20,1.0,39,1,55,55,57,1,3,1,1,3,3,3,3,30,3,3,9,41,54,3,16,9,9,24,26,9,29,48,53,1
lpmnh21,lpmnh21,1.0,63,114,1,1,1,86,75,86,86,1,1,1,1,1,1,79,6,66,91,73,4,10,1,1,1,1,31,74,91,113
lpmnh22,lpmnh22,1.0,32,53,1,56,56,1,1,47,1,1,41,1,40,24,44,42,9,34,49,39,9,12,15,8,18,20,22,1,49,48
lpmnh23,lpmnh23,1.0,17,49,1,1,1,1,40,1,1,1,1,44,1,1,44,42,1,22,47,29,8,1,1,1,1,1,1,30,46,49
lpmnh24,lpmnh24,1.0,13,22,24,24,24,18,1,1,19,14,1,1,14,1,1,1,2,1,21,15,2,2,8,7,10,12,12,14,21,1
lpmnh25,lpmnh25,1.0,23,49,1,51,51,36,3,36,34,24,29,31,28,20,3,3,3,20,44,24,10,3,17,17,15,21,20,24,38,50
lpmnh26,lpmnh26,1.0,35,58,1,1,1,52,1,53,52,1,45,45,41,19,49,47,4,37,56,1,3,3,5,7,16,23,19,1,52,59
lpmnh27,lpmnh27,1.0,34,58,1,1,1,1,1,41,1,1,1,1,1,16,1,1,8,36,49,1,6,6,14,11,15,26,30,1,48,57
lpmnh28,lpmnh28,1.0,31,53,1,55,55,44,41,44,1,1,41,41,33,25,41,43,1,1,52,1,1,1,17,20,23,30,25,1,1,1
lpmnh29,lpmnh29,1.0,26,98,1,1,1,1,1,1,34,31,1,1,31,5,1,1,1,5,41,31,3,1,7,9,7,5,5,31,39,36
lpmnh30,lpmnh30,1.0,4,31,33,33,33,4,4,26,4,20,4,4,21,4,4,4,4,4,29,21,4,4,11,15,8,4,4,23,29,32
lpmnh31,lpmnh31,1.0,32,49,1,1,1,42,1,45,1,1,40,40,1,1,40,40,1,34,47,1,2,7,1,1,12,1,1,1,47,49
lpmnh32,lpmnh32,1.0,26,40,1,1,1,1,1,1,1,1,1,1,1,6,1,1,6,28,1,1,12,6,13,6,6,18,25,1,1,40
lpmnh33,lpmnh33,1.0,27,1,1,1,1,52,48,52,1,1,50,51,45,16,51,50,11,32,54,1,11,11,16,16,19,20,21,1,1,1
lpmnh34,lpmnh34,1.0,1,73,74,74,74,1,1,1,53,1,37,40,34,1,40,38,1,28,53,1,7,1,18,17,1,1,1,1,53,68
lpmnh35,lpmnh35,1.0,8,30,1,1,1,31,25,33,30,1,28,1,1,8,1,28,9,8,30,24,9,9,17,13,8,22,8,1,30,30
lphh0,lphh0,1.0,15,69,0,0,72,56,0,59,0,0,0,0,23,0,0,29,2,19,63,0,2,5,10,12,8,0,17,0,63,63
lphh1,lphh1,1.0,34,79,85,1,84,0,46,68,70,0,50,55,0,17,53,50,0,0,72,42,7,0,11,10,10,0,21,39,72,72
lphh2,lphh2,1.0,33,61,69,69,69,57,45,57,60,2,53,54,35,31,45,52,16,29,61,36,13,7,25,26,27,0,0,36,61,61
lphh3,lphh3,1.0,97,134,1,1,1,122,1,125,0,1,108,116,1,92,116,1,5,30,127,1,5,26,30,30,33,89,30,1,0,129
lphh4,lphh4,1.0,17,0,75,75,75,64,51,64,63,0,1,60,50,13,61,53,4,0,63,48,0,5,8,8,0,13,13,48,63,66
lphh5,lphh5,1.0,0,121,124,0,123,101,89,107,111,79,0,0,79,0,98,0,0,0,109,83,0,7,9,12,0,14,57,87,109,109
lphh6,lphh6,1.0,45,0,1,1,1,83,76,87,89,57,79,82,0,33,82,79,2,52,100,68,0,2,20,19,32,33,35,69,97,0
lphh7,lphh7,1.0,37,56,66,61,61,1,1,1,1,40,1,0,47,0,0,48,3,12,53,45,9,10,17,14,0,35,26,44,54,55
lphh8,lphh8,1.0,73,108,1,1,1,89,1,0,1,1,1,1,1,70,0,87,12,0,0,79,26,0,36,0,40,65,69,80,95,110
lphh9,lphh9,1.0,34,97,98,98,98,1,55,0,74,53,55,64,54,0,64,59,5,0,81,52,10,0,18,0,0,27,29,52,76,86
lphh10,lphh10,1.0,20,75,1,1,1,70,57,66,76,25,4,58,56,20,60,4,19,24,0,47,18,9,21,21,0,20,20,47,75,75
lphh11,lphh11,1.0,66,118,121,0,0,1,3,114,1,71,3,113,100,47,3,112,3,69,1,93,3,41,43,43,45,62,47,98,116,118
lphnh0,lphnh0,1.0,46,96,1,1,99,3,66,3,81,49,71,74,63,32,77,71,5,48,93,58,7,16,5,19,24,31,31,61,89,96
lphnh1,lphnh1,1.0,20,127,130,128,128,1,70,82,1,1,74,74,1,20,74,76,18,58,121,62,17,14,22,22,42,55,20,1,103,1
lphnh2,lphnh2,1.0,96,140,1,141,141,3,115,3,127,105,117,117,101,93,123,119,21,95,138,101,21,25,38,37,37,89,79,112,132,139
lphnh3,lphnh3,1.0,28,81,84,88,86,56,49,56,68,36,50,52,36,18,50,50,6,34,73,45,9,6,14,16,13,22,21,46,73,82
lphnh4,lphnh4,1.0,57,141,146,1,145,86,1,86,1,62,75,81,70,2,83,75,7,59,132,63,9,4,19,19,22,2,2,69,132,141
lphnh5,lphnh5,1.0,32,96,1,1,1,78,59,1,82,50,58,73,50,2,75,72,8,2,89,55,9,7,19,19,20,28,25,56,84,100
lphnh6,lphnh6,1.0,12,111,114,1,1,1,59,1,1,51,60,60,57,12,60,67,1,48,104,52,9,11,21,21,40,12,12,51,87,84
lphnh7,lphnh7,1.0,34,1,1,1,1,1,58,1,82,44,60,70,57,11,76,62,11,38,85,54,13,16,22,11,11,26,11,56,84,1
lphnh8,lphnh8,1.0,27,1,1,87,88,71,42,74,80,1,1,1,1,2,65,59,3,38,82,40,8,10,2,2,14,2,20,40,82,1
lphnh9,lphnh9,1.0,14,126,131,128,129,85,11,87,85,56,76,82,72,14,84,80,15,14,95,69,27,32,36,35,44,48,48,51,92,99
lphnh10,lphnh10,1.0,3,145,153,151,151,116,88,1,124,1,108,109,79,57,111,100,3,3,137,77,16,39,47,47,53,59,59,1,133,147
lphnh11,lphnh11,1.0,41,107,109,109,109,83,2,87,90,51,2,78,70,33,78,76,5,10,100,69,7,5,19,25,32,35,38,55,97,92
lphnh12,lphnh12,1.0,73,143,1,145,145,120,107,124,3,4,107,114,105,36,114,112,23,19,141,93,26,21,19,19,33,45,36,80,141,139
lphnh13,lphnh13,1.0,9,84,1,1,97,81,63,80,80,45,66,71,47,33,78,66,24,36,84,57,15,9,9,9,9,32,9,59,86,84
lphnh14,lphnh14,1.0,2,121,1,1,1,1,101,1,115,59,108,1,87,49,1,109,40,2,120,82,36,42,43,43,45,49,51,60,118,118
lphnh15,lphnh15,1.0,8,87,91,1,1,2,48,60,2,2,2,57,2,30,2,55,8,38,75,2,8,10,8,8,21,32,30,2,67,82
lphnh16,lphnh16,1.0,77,162,169,1,1,151,1,148,158,81,1,145,81,9,109,103,48,79,158,99,47,9,52,52,54,64,9,95,158,159
lphnh17,lphnh17,1.0,56,84,87,1,1,71,5,73,74,5,5,5,64,55,5,5,6,6,79,5,37,43,51,49,6,55,55,62,74,74
lphnh18,lphnh18,1.0,71,136,1,1,1,115,102,113,3,91,103,109,88,3,111,103,5,77,119,95,27,30,41,43,3,63,67,94,119,3
lphnh19,lphnh19,1.0,48,90,1,1,1,73,1,1,74,63,66,1,65,18,1,68,18,53,81,62,24,27,29,30,37,46,42,62,76,83
lphnh20,lphnh20,1.0,40,123,1,1,1,112,59,115,120,1,57,98,53,29,110,68,5,45,131,51,10,12,2,18,21,23,25,52,128,123
lphnh21,lphnh21,1.0,76,164,1,165,165,145,5,147,145,5,138,142,90,66,144,138,5,83,153,90,20,31,45,50,52,39,64,90,154,152
lphnh22,lphnh22,1.0,60,121,131,1,1,89,1,89,90,67,77,84,65,14,87,76,7,62,114,72,7,13,43,45,49,51,51,65,117,123
lphnh23,lphnh23,1.0,40,149,156,156,156,145,110,145,147,86,112,120,86,40,138,119,2,84,154,86,6,39,76,76,49,40,40,86,150,149
lphnh24,lphnh24,1.0,7,66,1,1,70,53,50,58,61,38,50,52,39,7,52,50,4,28,64,46,5,6,13,14,9,16,24,40,64,60
lphnh25,lphnh25,1.0,34,110,115,114,1,71,56,74,2,46,56,66,44,3,68,64,3,3,96,50,9,3,15,18,20,22,27,53,86,84
lphnh26,lphnh26,1.0,53,155,1,157,159,97,83,102,103,71,85,1,71,1,93,87,1,67,153,79,1,8,1,12,30,47,48,79,148,135
lphnh27,lphnh27,1.0,38,85,1,88,88,60,47,1,63,1,49,49,1,29,55,52,4,45,67,1,4,14,16,19,28,37,33,1,67,69
lphnh28,lphnh28,1.0,29,71,1,80,80,66,1,66,70,1,58,1,1,43,1,63,2,29,71,56,8,25,35,36,41,43,43,54,73,71
lphnh29,lphnh29,1.0,16,54,69,66,66,50,1,52,54,37,1,1,44,12,1,47,2,35,60,42,2,6,2,2,11,13,14,42,54,54
lphnh30,lphnh30,1.0,43,83,1,1,1,58,2,60,61,49,2,2,49,7,2,2,10,47,72,54,11,12,30,30,34,7,40,49,67,2
lphnh31,lphnh31,1.0,50,88,1,1,92,2,58,2,83,54,66,74,56,43,75,66,2,52,85,54,13,28,37,37,39,44,44,54,84,88
lphnh32,lphnh32,1.0,37,96,113,1,110,77,1,82,86,1,65,74,61,26,73,69,4,40,93,57,4,18,23,23,1,27,27,57,93,104
lphnh33,lphnh33,1.0,51,114,1,1,1,80,3,87,90,54,3,3,66,47,78,70,21,52,97,62,16,33,40,36,42,44,35,62,98,104
lphnh34,lphnh34,1.0,16,122,126,125,125,96,74,1,1,67,79,76,67,62,76,79,31,66,112,67,27,27,35,35,35,55,59,67,112,113
lphnh35,lphnh35,1.0,4,185,1,1,1,151,115,151,158,94,118,133,108,69,145,120,5,85,183,106,45,48,4,4,60,69,82,100,164,159
lnpsh0,lnpsh0,1.0,9,0,26,26,26,1,1,1,0,11,1,1,11,1,16,14,3,10,0,11,3,1,1,1,1,1,1,11,21,0
lnpsh1,lnpsh1,1.0,1,17,1,1,1,1,14,1,1,1,1,16,1,1,16,1,1,1,1,1,4,0,10,1,1,1,1,1,1,17
lnpsh2,lnpsh2,1.0,3,23,1,24,24,3,3,3,3,3,21,21,3,3,21,21,7,18,3,3,8,3,3,3,11,12,12,3,3,3
lnpsh3,lnpsh3,1.0,17,25,1,1,1,1,1,1,1,1,1,1,1,5,1,1,6,5,23,1,6,5,5,5,7,13,5,1,22,22
lnpsh4,lnpsh4,1.0,11,23,1,1,1,1,1,1,18,1,17,1,1,9,1,1,5,3,20,15,5,4,3,3,8,9,9,1,21,23
lnpsh5,lnpsh5,1.0,15,1,29,27,27,1,1,1,1,1,18,18,1,1,18,18,4,9,22,1,0,4,1,1,1,1,1,1,1,25
lnpsh6,lnpsh6,1.0,19,1,1,1,1,33,1,1,1,1,1,32,1,10,32,29,0,10,1,24,0,4,10,10,10,11,10,25,1,1
lnpsh7,lnpsh7,1.0,1,24,1,1,1,1,1,1,1,1,15,15,1,9,15,16,1,1,1,1,5,6,1,1,1,9,9,1,1,19
lnpsh8,lnpsh8,1.0,3,31,1,1,1,1,1,1,1,1,1,1,22,3,26,1,6,3,1,1,7,9,3,3,3,3,17,1,1,31
lnpsh9,lnpsh9,1.0,2,1,19,18,18,1,1,1,15,1,1,1,1,2,1,11,3,2,1,0,5,3,0,0,2,7,2,1,1,17
lnpsh10,lnpsh10,1.0,1,18,0,0,0,0,1,0,0,1,1,17,1,1,1,1,1,1,0,1,1,1,6,6,1,1,1,1,0,18
lnpsh11,lnpsh11,1.0,1,27,1,1,1,1,1,1,1,1,1,1,1,1,9,1,1,1,23,7,1,1,3,1,1,1,1,1,17,26
lnpsh12,lnpsh12,1.0,1,31,1,32,1,1,18,25,1,1,21,1,17,1,23,21,1,10,27,16,1,1,0,1,4,6,8,15,27,27
lnpsh13,lnpsh13,1.0,15,29,1,1,1,1,1,27,1,1,24,1,1,7,1,22,2,1,1,20,2,2,4,4,0,9,10,1,1,29
lnpsh14,lnpsh14,1.0,13,41,1,1,1,1,1,1,1,1,1,1,34,7,1,1,2,6,39,28,2,3,1,1,4,7,11,23,1,40
lnpsh15,lnpsh15,1.0,2,24,1,1,1,1,1,1,1,1,18,16,1,2,16,18,2,2,1,1,2,2,2,2,2,2,10,1,1,22
lnpsh16,lnpsh16,1.0,24,3,36,0,0,3,3,3,3,3,3,3,29,22,31,3,14,3,3,25,11,3,3,3,3,22,22,25,3,35
lnpsh17,lnpsh17,1.0,10,1,1,1,1,1,15,1,1,1,15,15,1,7,17,15,1,0,1,13,1,1,1,6,1,7,7,13,1,1
lnpsh18,lnpsh18,1.0,1,23,28,1,1,1,1,1,15,1,11,1,10,1,1,14,1,1,20,1,1,1,1,1,1,1,1,1,18,23
lnpsh19,lnpsh19,1.0,12,24,1,1,1,1,1,1,1,13,1,1,13,6,0,1,6,6,1,14,6,6,6,6,6,6,6,14,1,22
lnpsh20,lnpsh20,1.0,8,25,1,1,1,1,1,1,1,1,1,1,1,14,17,1,3,8,20,1,3,3,5,5,5,10,8,1,19,21
lnpsh21,lnpsh21,1.0,1,26,1,1,1,22,11,22,23,1,1,17,1,1,20,1,1,1,25,7,1,1,1,1,3,5,1,9,23,23
lnpsh22,lnpsh22,1.0,1,47,1,1,1,1,1,1,40,1,34,36,28,1,1,34,1,26,1,28,1,13,17,17,15,1,18,28,1,48
lnpsh23,lnpsh23,1.0,1,27,1,1,1,1,1,1,1,13,0,0,13,1,0,0,2,1,18,13,2,4,5,0,1,8,9,13,18,22
lnpsh24,lnpsh24,1.0,22,0,39,39,39,0,27,0,0,1,27,27,1,11,27,30,3,3,0,25,5,3,3,3,3,13,14,1,0,38
lnpsh25,lnpsh25,1.0,18,32,1,1,1,26,23,26,1,1,1,24,21,10,24,1,1,1,1,1,1,1,0,0,0,8,8,1,1,29
lnpsh26,lnpsh26,1.0,9,30,1,1,1,1,18,1,1,1,18,23,0,1,25,21,1,1,1,16,0,1,1,1,1,8,1,1,1,28
lnpsh27,lnpsh27,1.0,6,1,1,1,18,1,1,17,1,0,1,1,0,6,1,15,6,6,1,14,6,6,10,6,6,6,6,0,1,1
lnpsh28,lnpsh28,1.0,2,27,1,1,1,1,1,1,1,19,1,1,1,2,1,1,4,2,1,1,6,7,2,2,2,10,16,1,23,1
lnpsh29,lnpsh29,1.0,1,22,1,1,1,1,1,1,1,1,1,1,1,9,1,1,5,0,1,1,5,5,1,1,1,9,10,1,1,20
lnpsh30,lnpsh30,1.0,2,2,1,1,1,2,2,2,2,2,2,21,17,10,21,20,4,2,2,15,7,8,2,2,2,12,10,2,2,2
lnpsh31,lnpsh31,1.0,1,17,1,1,1,1,1,1,17,7,1,1,1,1,16,1,2,1,17,8,1,1,4,4,4,1,1,9,17,17
lnpsh32,lnpsh32,1.0,3,36,1,1,1,1,20,25,29,14,1,23,14,3,23,1,3,3,31,17,3,3,3,3,3,3,11,14,31,33
lnpsh33,lnpsh33,1.0,1,27,1,29,29,1,1,19,1,1,1,18,1,1,1,1,5,1,25,1,5,7,1,1,1,1,1,1,25,27
lnpsh34,lnpsh34,1.0,1,1,25,1,1,1,1,1,1,18,1,1,18,14,1,1,2,17,1,18,2,5,1,1,6,13,1,18,0,1
lnpsh35,lnpsh35,1.0,1,12,1,1,1,1,1,1,1,1,1,1,9,4,1,1,1,1,12,7,1,1,1,1,2,4,4,7,12,12
lnpsnh0,lnpsnh0,1.0,11,46,1,1,1,1,23,27,1,1,25,25,19,11,25,25,1,11,1,19,1,6,7,1,1,11,11,19,1,1
lnpsnh1,lnpsnh1,1.0,1,14,19,1,1,12,1,1,14,1,1,1,10,1,1,1,2,8,16,1,2,2,1,1,1,1,1,1,15,14
lnpsnh2,lnpsnh2,1.0,36,59,1,1,1,1,3,1,1,3,3,3,3,14,58,3,3,3,59,56,5,10,3,3,3,17,15,3,59,59
lnpsnh3,lnpsnh3,1.0,9,19,1,1,1,17,13,1,1,1,13,14,11,3,14,13,2,3,21,11,2,2,6,3,3,3,3,11,21,19
lnpsnh4,lnpsnh4,1.0,1,1,1,1,1,1,1,1,1,1,10,1,6,1,1,11,1,1,14,8,1,1,1,1,1,1,1,8,14,1
lnpsnh5,lnpsnh5,1.0,14,36,1,1,1,1,18,1,1,1,21,19,1,1,19,22,4,1,34,16,4,7,1,1,10,13,1,16,26,36
lnpsnh6,lnpsnh6,1.0,17,1,34,32,32,1,1,23,1,1,1,1,1,1,1,1,1,1,27,20,2,13,14,14,14,16,15,19,1,1
lnpsnh7,lnpsnh7,1.0,6,15,1,1,1,1,1,1,13,1,1,1,1,2,1,1,2,2,13,11,2,2,2,2,2,2,2,1,13,13
lnpsnh8,lnpsnh8,1.0,1,14,1,1,1,1,1,1,1,1,1,1,1,1,1,1,2,5,1,6,2,2,1,1,1,1,1,6,1,13
lnpsnh9,lnpsnh9,1.0,7,23,1,1,1,21,1,21,1,10,19,1,1,1,1,18,1,1,26,15,1,4,1,1,1,1,1,12,25,23
lnpsnh10,lnpsnh10,1.0,1,30,1,32,32,1,1,1,25,12,1,1,12,1,1,1,1,1,1,21,3,5,1,1,1,1,1,12,1,30
lnpsnh11,lnpsnh11,1.0,3,1,1,1,1,1,1,1,1,1,30,1,1,17,1,34,7,3,1,28,3,3,11,11,16,17,17,25,1,1
lnpsnh12,lnpsnh12,1.0,2,2,1,1,1,2,2,2,2,2,2,2,2,2,2,2,2,2,2,11,5,6,2,2,2,2,2,13,2,2
lnpsnh13,lnpsnh13,1.0,5,24,1,25,25,1,1,1,12,6,1,1,9,1,1,1,1,1,14,1,1,1,1,1,1,1,1,1,14,24
lnpsnh14,lnpsnh14,1.0,1,28,1,1,1,26,1,26,28,1,1,22,1,1,24,1,1,6,28,9,1,1,1,5,1,1,1,1,28,28
lnpsnh15,lnpsnh15,1.0,1,24,1,1,1,1,18,1,24,1,19,21,1,1,21,19,1,1,29,15,2,1,1,1,1,4,4,9,29,24
lnpsnh16,lnpsnh16,1.0,11,34,1,1,1,25,1,25,25,1,1,1,1,11,22,1,1,11,33,18,10,1,11,11,11,16,11,1,30,34
lnpsnh17,lnpsnh17,1.0,13,30,1,34,34,1,1,1,1,18,1,1,18,13,1,1,1,13,32,22,4,1,9,7,10,13,13,22,30,30
lnpsnh18,lnpsnh18,1.0,11,20,21,21,21,1,1,1,1,13,1,1,1,1,1,1,1,1,1,15,1,1,2,2,1,1,1,16,1,18
lnpsnh19,lnpsnh19,1.0,6,17,1,1,1,17,1,18,17,1,1,15,1,6,1,1,1,6,24,1,4,1,6,6,8,9,6,1,24,17
lnpsnh20,lnpsnh20,1.0,1,38,1,1,1,1,1,1,32,1,24,23,1,1,23,24,7,1,33,20,5,1,1,8,1,18,1,20,29,36
lnpsnh21,lnpsnh21,1.0,7,2,1,1,1,2,2,2,2,2,2,2,2,2,2,2,2,2,2,2,2,2,2,2,5,2,2,2,2,2
lnpsnh22,lnpsnh22,1.0,1,23,1,1,1,1,15,1,20,1,13,13,1,1,17,13,1,1,21,11,1,1,3,3,1,1,1,1,21,21
lnpsnh23,lnpsnh23,1.0,1,28,1,1,31,1,1,1,27,19,1,1,19,1,1,1,1,1,27,20,4,1,7,7,7,1,11,22,27,28
lnpsnh24,lnpsnh24,1.0,29,52,1,1,1,1,40,1,46,1,40,40,1,1,40,40,1,35,46,39,1,1,3,3,3,1,1,1,47,46
lnpsnh25,lnpsnh25,1.0,2,20,1,1,1,1,1,1,1,1,1,1,1,2,15,1,2,13,18,1,4,2,2,2,7,2,2,1,17,1
lnpsnh26,lnpsnh26,1.0,1,15,1,1,1,1,1,11,1,1,1,1,1,1,1,1,1,5,1,6,1,1,1,1,1,1,1,6,1,15
lnpsnh27,lnpsnh27,1.0,4,31,1,1,32,1,1,1,25,19,1,1,1,3,1,1,3,18,28,21,3,3,3,3,3,3,3,1,27,31
lnpsnh28,lnpsnh28,1.0,13,36,1,37,37,31,23,3,3,3,23,23,3,3,23,29,3,3,34,19,3,6,10,10,12,3,3,19,3,35
lnpsnh29,lnpsnh29,1.0,1,17,1,1,1,1,12,1,1,1,1,1,9,1,1,1,1,1,17,1,1,1,1,1,1,4,1,1,17,17
lnpsnh30,lnpsnh30,1.0,10,21,1,1,1,1,16,1,20,1,16,18,1,3,16,16,3,3,21,1,3,3,7,7,9,3,3,1,21,21
lnpsnh31,lnpsnh31,1.0,4,25,1,1,1,1,1,1,1,1,22,1,1,4,23,22,5,4,25,19,7,5,11,12,4,13,4,1,25,25
lnpsnh32,lnpsnh32,1.0,15,44,1,1,1,1,28,1,31,1,28,28,1,1,28,28,1,1,36,26,1,1,1,1,9,1,1,1,33,31
lnpsnh33,lnpsnh33,1.0,5,1,1,1,1,1,1,1,1,9,1,22,19,1,22,1,2,8,1,16,2,2,1,1,1,1,4,13,1,1
lnpsnh34,lnpsnh34,1.0,8,1,1,1,1,1,1,1,1,1,1,1,1,1,20,1,4,7,1,14,2,1,6,6,1,1,1,1,24,1
lnpsnh35,lnpsnh35,1.0,13,27,1,1,1,2,2,2,22,2,2,2,2,2,2,2,2,2,23,17,2,5,6,2,2,2,2,15,23,27
lnpsnh36,lnpsnh36,1.0,1,1,1,1,1,1,16,1,19,1,1,1,1,1,18,1,3,1,1,13,3,4,6,6,8,1,1,15,1,1
lnpsnh37,lnpsnh37,1.0,1,22,1,1,1,1,1,1,21,1,1,1,1,1,1,1,3,13,22,1,7,1,1,1,1,9,9,1,22,22
lnpsnh38,lnpsnh38,1.0,2,1,1,1,1,1,23,1,1,22,24,1,1,2,1,24,4,17,1,1,7,8,10,2,2,14,2,1,1,1
lnpsnh39,lnpsnh39,1.0,11,32,1,1,1,23,2,23,24,2,2,2,2,2,20,19,2,2,29,14,2,7,2,8,2,2,2,2,25,32
lnpsnh40,lnpsnh40,1.0,1,1,18,1,1,1,15,1,1,1,1,1,1,1,1,1,1,7,1,12,1,1,1,1,1,1,3,1,1,1
lnpsnh41,lnpsnh41,1.0,14,30,1,42,44,23,1,23,27,1,1,1,1,5,1,1,5,5,39,20,5,5,8,8,8,5,5,1,41,30
lnpsnh42,lnpsnh42,1.0,15,1,1,1,1,1,1,1,1,18,1,1,17,1,22,1,1,1,30,21,1,1,6,1,8,1,11,17,1,1
lnpsnh43,lnpsnh43,1.0,3,15,1,1,1,1,1,1,15,1,13,1,1,3,14,13,3,3,15,7,3,3,3,3,3,3,3,1,15,15
lnpsnh44,lnpsnh44,1.0,3,1,1,1,1,1,1,1,1,1,1,1,1,9,19,1,3,16,21,1,3,3,6,6,3,3,7,1,1,1
lnpsnh45,lnpsnh45,1.0,8,1,19,1,1,1,1,1,1,1,1,1,15,5,1,16,1,1,1,13,2,1,1,3,4,7,5,1,1,1
lnpsnh46,lnpsnh46,1.0,1,41,1,1,1,33,1,33,32,1,1,30,1,1,1,1,1,1,43,25,3,1,13,1,14,21,1,1,43,41
lnpsnh47,lnpsnh47,1.0,14,1,1,1,1,23,20,24,25,1,1,21,1,1,21,1,1,1,1,19,1,5,1,1,1,8,10,19,1,1
lnpsnh48,lnpsnh48,1.0,8,27,32,29,29,1,1,18,1,1,1,1,1,8,1,1,1,15,20,1,1,5,8,8,10,8,8,1,1,28
lnpsnh49,lnpsnh49,1.0,8,21,1,22,22,18,1,19,1,1,1,1,1,7,1,1,2,1,1,14,2,1,1,1,1,6,6,1,1,1
lnpsnh50,lnpsnh50,1.0,5,1,1,1,1,1,1,1,1,8,1,26,24,1,26,1,1,6,28,21,1,1,1,1,1,1,1,1,28,1
lnpsnh51,lnpsnh51,1.0,8,1,1,1,1,1,11,14,1,1,11,11,1,1,11,11,1,7,15,10,1,3,1,1,6,1,1,9,15,1
lnpsnh52,lnpsnh52,1.0,1,16,1,24,24,16,13,16,16,1,14,14,1,5,14,14,2,1,21,11,1,1,1,1,1,5,5,1,22,16
lnpsnh53,lnpsnh53,1.0,1,14,1,1,1,1,1,1,12,1,1,1,1,1,1,1,1,1,14,10,1,1,1,1,1,7,1,9,14,14
lnpsnh54,lnpsnh54,1.0,1,31,35,35,35,1,1,1,1,1,26,25,1,23,25,26,13,1,1,1,13,15,18,1,1,1,1,1,1,1
lnpsnh55,lnpsnh55,1.0,7,1,1,1,1,1,1,1,1,1,1,1,1,1,1,1,1,8,1,9,3,1,1,1,1,1,5,9,1,15
lnpsnh56,lnpsnh56,1.0,9,26,1,1,1,21,1,1,1,11,1,15,1,1,15,1,2,9,23,1,1,1,3,3,3,7,1,1,23,26
lnpsnh57,lnpsnh57,1.0,12,27,1,1,1,1,21,25,1,19,22,1,19,1,1,22,1,15,26,19,1,3,4,1,6,1,1,19,26,1
lnpsnh58,lnpsnh58,1.0,1,16,1,1,1,12,1,12,13,1,10,1,1,1,1,10,1,1,13,1,1,1,1,1,6,7,7,1,13,16
lnpsnh59,lnpsnh59,1.0,1,1,1,1,1,22,1,22,1,1,1,1,20,1,1,1,3,1,1,15,3,3,1,1,5,6,1,1,1,24
lnpsnh60,lnpsnh60,1.0,9,30,1,31,31,1,1,23,24,1,13,22,1,2,22,17,2,2,24,1,5,2,8,8,2,2,2,1,24,30
lnpsnh61,lnpsnh61,1.0,1,15,1,1,1,1,7,1,1,1,8,8,1,1,8,8,1,1,13,6,1,1,1,1,1,2,1,1,13,13
lnpsnh62,lnpsnh62,1.0,1,27,1,1,1,15,1,15,1,1,1,1,10,1,1,12,1,1,16,1,5,1,1,6,8,1,1,1,16,27
lnpsnh63,lnpsnh63,1.0,1,35,1,1,1,27,22,27,27,1,26,22,1,14,22,22,3,17,30,20,5,11,1,1,1,14,14,1,30,29
lnpsnh64,lnpsnh64,1.0,17,32,1,1,1,30,1,28,28,20,24,25,1,5,27,24,5,18,31,22,5,5,5,5,5,9,5,23,28,32
lnpsnh65,lnpsnh65,1.0,5,1,1,1,1,1,1,13,15,1,1,1,1,5,1,1,1,5,1,10,3,1,5,5,5,5,5,1,1,1
lnpsnh66,lnpsnh66,1.0,4,20,1,21,21,1,16,1,17,1,16,16,1,4,16,16,4,4,19,14,4,4,4,4,4,12,4,14,17,20
lnpsnh67,lnpsnh67,1.0,13,26,1,1,1,20,1,20,23,1,19,1,1,3,1,17,4,13,23,14,5,4,6,3,9,12,3,1,23,26
lnpsnh68,lnpsnh68,1.0,1,22,1,1,1,1,1,1,1,1,19,1,8,1,1,1,1,1,20,9,1,1,7,6,2,1,1,17,1,1
lnpsnh69,lnpsnh69,1.0,1,1,1,22,1,1,1,1,1,1,15,1,13,1,1,15,2,1,19,12,5,2,6,6,7,9,1,12,1,1
lnpsnh70,lnpsnh70,1.0,1,32,33,33,33,1,1,1,25,1,1,1,1,1,22,1,3,12,25,17,4,3,6,7,1,1,1,1,25,32
lnpsnh71,lnpsnh71,1.0,1,1,1,1,1,1,12,1,1,1,12,15,1,1,15,12,1,1,17,1,9,1,1,1,1,1,1,1,20,1
lnpsnh72,lnpsnh72,1.0,11,1,27,27,27,1,1,1,1,14,18,1,14,2,1,20,4,12,1,16,4,2,2,2,2,2,8,15,1,1
lnpsnh73,lnpsnh73,1.0,9,26,1,1,1,1,1,1,1,1,1,1,19,9,1,1,5,15,24,19,1,1,10,9,9,12,9,19,1,1
lnpsnh74,lnpsnh74,1.0,2,22,1,1,1,2,2,2,2,2,2,2,2,2,2,19,2,2,2,14,8,2,2,2,2,9,2,14,2,2
lnpsnh75,lnpsnh75,1.0,15,25,1,1,1,1,1,1,22,1,1,1,1,15,1,1,5,15,24,19,13,14,15,15,15,15,15,1,24,25
lnpsnh76,lnpsnh76,1.0,11,1,1,20,1,1,1,1,1,1,16,16,1,1,16,16,3,11,1,14,3,5,7,1,10,1,1,1,1,19
lnpsnh77,lnpsnh77,1.0,15,29,1,31,31,24,1,1,1,19,21,22,1,1,21,21,1,1,28,1,1,6,11,11,7,1,1,1,1,1
lnpsnh78,lnpsnh78,1.0,5,23,1,1,1,1,1,1,20,1,13,1,1,1,1,14,1,1,20,10,3,1,4,1,1,1,1,1,22,20
lnpsnh79,lnpsnh79,1.0,13,25,1,1,1,1,1,1,21,14,18,19,14,1,19,18,6,8,23,14,6,6,1,1,1,1,1,14,22,21
lnpsnh80,lnpsnh80,1.0,1,26,1,1,1,1,20,1,23,1,1,1,1,6,1,22,1,1,24,15,1,4,1,1,1,6,11,1,1,1
lnpsnh81,lnpsnh81,1.0,2,2,1,1,1,2,2,19,2,2,2,2,2,2,2,2,6,2,2,16,8,2,2,9,10,2,11,16,2,21
lnpsnh82,lnpsnh82,1.0,3,1,1,1,1,1,1,1,1,1,18,24,1,3,24,23,3,3,1,13,3,3,8,3,3,9,11,13,1,1
lnpsnh83,lnpsnh83,1.0,12,34,1,1,1,17,1,17,1,1,1,16,1,1,1,1,1,1,18,1,1,1,1,1,10,1,1,1,21,31
lnpsnh84,lnpsnh84,1.0,9,22,1,1,1,1,1,1,1,1,1,1,14,1,1,1,1,1,1,10,2,1,1,1,1,1,1,1,1,22
lnpsnh85,lnpsnh85,1.0,2,25,1,1,1,1,1,1,1,1,1,1,17,2,1,18,2,2,1,14,5,2,7,7,7,2,2,14,21,25
lnpsnh86,lnpsnh86,1.0,13,32,1,1,1,30,28,30,30,1,1,1,27,1,1,1,2,11,30,22,1,5,8,6,6,1,1,1,30,30
lnpsnh87,lnpsnh87,1.0,1,37,1,1,1,1,30,1,1,1,1,1,1,1,1,1,18,1,35,29,19,21,1,1,1,1,24,29,34,37
lnpsnh88,lnpsnh88,1.0,1,17,21,1,1,16,11,15,17,1,14,1,1,1,1,14,1,1,17,10,4,6,1,1,1,1,7,1,17,17
lnpsnh89,lnpsnh89,1.0,1,1,1,1,1,1,1,1,1,1,10,10,1,5,10,10,1,7,1,1,1,1,1,1,4,1,1,1,1,1
lnpsnh90,lnpsnh90,1.0,2,1,23,23,23,21,1,1,1,1,1,1,1,2,18,1,2,2,1,14,2,5,6,2,2,2,2,14,1,1
lnpsnh91,lnpsnh91,1.0,1,18,1,1,1,1,1,1,1,1,1,1,1,1,1,15,1,1,20,13,4,1,1,1,7,8,1,1,18,18
lnpsnh92,lnpsnh92,1.0,21,36,1,39,39,1,1,1,36,30,34,33,30,1,33,33,1,28,38,30,1,3,13,13,13,18,19,31,38,36
lnpsnh93,lnpsnh93,1.0,11,1,1,1,1,23,19,24,1,12,20,1,17,1,1,20,4,1,36,15,4,6,1,1,1,9,1,12,36,1
lnpsnh94,lnpsnh94,1.0,1,26,1,1,1,1,1,22,24,15,1,1,19,1,1,20,1,1,1,16,9,10,1,1,1,1,1,16,1,26
lnpsnh95,lnpsnh95,1.0,16,25,1,30,30,1,20,24,25,1,19,23,1,7,23,19,7,7,29,1,7,7,7,7,13,7,14,1,25,25
lnpsnh96,lnpsnh96,1.0,1,36,1,1,1,1,1,1,1,1,31,35,30,22,31,33,1,24,36,27,16,1,1,1,1,23,22,25,36,36
lnpsnh97,lnpsnh97,1.0,11,21,1,1,1,2,2,2,2,13,2,20,13,7,20,2,2,2,21,13,2,2,2,2,6,7,8,13,21,21
lnpsnh98,lnpsnh98,1.0,4,1,28,28,28,1,16,1,1,12,1,1,1,4,1,1,2,11,26,14,2,2,9,9,4,4,4,1,23,1
lnpsnh99,lnpsnh99,1.0,6,19,1,1,1,1,1,1,1,1,13,1,9,1,15,13,1,1,1,11,1,1,3,3,1,1,1,11,1,21
lnpsnh100,lnpsnh100,1.0,1,10,1,12,12,1,6,1,10,1,6,8,1,1,6,7,1,1,10,1,1,1,1,1,1,1,1,1,10,10
lnpsnh101,lnpsnh101,1.0,1,13,1,1,1,1,1,1,13,1,1,12,1,1,12,1,1,1,14,1,1,1,5,1,1,1,1,1,14,13
lnpsnh102,lnpsnh102,1.0,1,1,1,1,1,1,1,18,1,7,1,13,5,1,1,1,1,1,1,8,1,1,1,1,1,1,1,11,1,1
lnpsnh103,lnpsnh103,1.0,7,26,1,1,1,1,21,1,1,8,21,21,1,1,21,21,1,1,1,20,1,1,1,1,1,1,6,11,1,24
lnpsnh104,lnpsnh104,1.0,1,27,1,1,1,1,1,1,1,16,23,23,16,1,23,23,2,1,25,21,2,2,10,10,1,1,1,16,25,27
lnpsnh105,lnpsnh105,1.0,2,1,1,1,1,1,2,1,1,8,2,2,8,2,2,2,2,2,1,10,2,4,2,2,2,6,2,8,15,1
lnpsnh106,lnpsnh106,1.0,1,1,1,23,23,17,1,17,1,8,14,14,8,1,16,14,1,1,21,12,4,1,1,1,1,1,1,8,21,1
lnpsnh107,lnpsnh107,1.0,3,2,1,45,45,2,2,40,2,2,37,38,36,13,38,37,3,19,43,33,3,10,3,3,3,15,13,2,2,2
lnpsnh108,lnpsnh108,1.0,14,1,1,1,1,24,1,24,1,1,1,1,1,1,1,21,1,15,30,1,5,1,1,1,1,9,12,1,25,1
lnpsnh109,lnpsnh109,1.0,1,47,1,1,1,1,1,1,1,1,1,1,1,1,1,1,1,1,43,40,1,24,31,1,1,1,1,40,43,43
lnpsnh110,lnpsnh110,1.0,1,1,1,32,32,1,25,1,1,17,1,1,17,1,1,1,11,1,1,22,6,2,12,12,1,15,1,18,1,1
lnpsnh111,lnpsnh111,1.0,1,1,1,23,23,15,1,17,1,7,1,1,8,1,1,1,1,1,1,11,5,1,1,1,1,1,1,8,1,1
lnpsnh112,lnpsnh112,1.0,4,1,1,1,1,1,1,1,1,17,27,29,26,4,29,28,6,4,30,22,10,11,4,13,14,16,16,22,1,1
lnpsnh113,lnpsnh113,1.0,1,25,1,1,1,1,13,1,1,1,15,14,1,1,14,17,1,1,1,11,1,1,3,5,6,1,1,8,23,1
lnpsnh114,lnpsnh114,1.0,11,1,1,1,1,1,1,25,31,1,16,1,1,1,1,16,1,1,33,1,1,5,1,7,1,10,1,1,1,1
lnpsnh115,lnpsnh115,1.0,11,30,1,1,1,1,1,1,1,12,1,1,12,1,1,1,1,1,22,16,1,1,1,1,3,1,1,12,23,25
lnpsnh116,lnpsnh116,1.0,8,24,1,1,1,1,1,1,19,1,1,1,14,7,1,16,1,10,19,12,1,3,1,1,1,6,6,12,19,24
lnpsnh117,lnpsnh117,1.0,12,26,1,1,1,20,18,1,21,1,19,1,14,1,1,19,1,7,24,17,1,1,1,1,1,1,1,17,24,29
lnpsnh118,lnpsnh118,1.0,3,15,1,1,1,1,10,1,1,1,1,13,1,3,13,12,3,3,1,9,3,3,6,6,3,3,7,9,1,15
lnpsnh119,lnpsnh119,1.0,5,2,1,1,1,25,2,25,2,2,13,20,2,5,20,13,3,5,2,2,3,3,6,5,8,5,5,2,26,2
lnpsnh120,lnpsnh120,1.0,7,21,1,1,1,15,1,1,1,9,1,1,10,7,13,1,1,7,1,12,1,1,6,5,5,7,7,10,1,1
lnpsnh121,lnpsnh121,1.0,1,17,1,1,1,1,1,12,13,1,1,1,1,1,1,8,1,1,15,1,1,1,1,1,1,1,1,5,15,13
lnpsnh122,lnpsnh122,1.0,8,2,1,1,1,2,2,2,25,2,2,24,19,8,23,2,2,18,2,22,2,2,7,7,2,10,8,19,2,2
lnpsnh123,lnpsnh123,1.0,1,1,1,16,16,12,1,1,1,10,11,11,10,1,11,11,1,1,13,10,1,1,3,3,7,1,1,10,1,1
lnpsnh124,lnpsnh124,1.0,1,32,1,1,1,24,1,1,28,11,21,21,11,1,21,21,1,8,1,18,1,1,1,4,1,1,7,12,29,30
lnpsnh125,lnpsnh125,1.0,12,33,1,1,1,1,1,1,1,1,24,24,1,1,28,25,1,1,32,20,4,8,1,1,9,1,1,20,31,33
lnpsnh126,lnpsnh126,1.0,50,66,1,1,1,1,56,1,1,1,1,1,1,1,1,1,1,1,1,55,9,1,11,11,14,16,1,53,1,60
lnpsnh127,lnpsnh127,1.0,4,28,1,29,1,1,1,16,17,1,1,1,1,1,1,1,1,1,20,7,1,1,1,1,1,1,1,10,24,28
lnpsnh128,lnpsnh128,1.0,2,14,1,1,1,1,9,1,1,2,9,9,2,6,9,9,2,2,1,8,2,3,2,2,4,6,6,8,1,13
lnpsnh129,lnpsnh129,1.0,5,1,1,1,1,1,16,1,1,9,1,1,9,5,1,19,1,5,1,15,4,1,5,5,5,5,5,9,20,1
lnpsnh130,lnpsnh130,1.0,21,29,1,1,1,1,1,1,29,1,1,1,1,18,1,1,1,18,31,23,1,3,1,1,17,19,18,1,31,29
lnpsnh131,lnpsnh131,1.0,16,28,1,1,1,1,1,1,1,1,1,1,1,16,1,25,16,16,1,24,16,18,20,20,21,16,16,1,1,28
lnpsnh132,lnpsnh132,1.0,19,35,1,1,1,2,26,2,2,2,26,26,2,9,26,26,2,9,34,25,2,6,2,8,2,9,9,2,34,35
lnpsnh133,lnpsnh133,1.0,2,29,1,1,1,1,15,20,23,2,2,16,2,2,2,2,2,8,25,14,2,2,2,2,2,7,2,12,27,29
lnpsnh134,lnpsnh134,1.0,12,35,1,1,1,1,1,1,24,1,1,1,1,1,1,1,1,1,24,18,1,6,7,1,1,1,8,18,24,35
lnpsnh135,lnpsnh135,1.0,22,40,1,1,1,1,1,1,1,1,30,1,1,21,31,30,1,1,35,28,13,1,17,19,1,21,21,24,35,36
lnpsnh136,lnpsnh136,1.0,4,1,1,1,1,1,1,23,1,1,1,1,1,4,1,1,4,4,1,20,9,4,4,4,4,4,4,19,1,1
lnpsnh137,lnpsnh137,1.0,13,35,1,1,1,28,1,28,28,16,1,1,16,1,1,27,1,1,34,21,2,3,6,7,1,1,9,16,34,35
lnpsnh138,lnpsnh138,1.0,1,16,1,1,1,1,1,1,1,1,9,1,1,1,1,10,1,1,1,1,1,1,3,3,1,1,1,1,1,16
lnpsnh139,lnpsnh139,1.0,6,30,1,1,1,28,1,29,30,22,1,1,22,6,1,1,6,6,30,22,6,6,6,18,6,6,6,22,30,30
lnpsnh140,lnpsnh140,1.0,1,34,1,1,1,1,24,1,1,15,24,25,15,1,24,24,1,1,1,23,1,1,8,11,1,1,1,21,1,34
lnpsnh141,lnpsnh141,1.0,1,16,1,1,1,1,1,1,1,6,11,1,6,1,1,11,1,1,1,8,1,1,1,1,1,1,5,6,1,1
lnpsnh142,lnpsnh142,1.0,1,93,1,1,1,36,1,36,38,1,1,1,1,1,1,1,2,17,39,32,3,2,1,1,1,1,1,1,41,93
lnpsnh143,lnpsnh143,1.0,7,24,1,1,1,18,1,18,1,1,1,1,1,1,1,1,1,10,1,16,1,1,1,1,5,1,1,16,20,22
lnpsnh144,lnpsnh144,1.0,11,1,1,1,1,1,3,1,19,3,3,3,3,3,3,3,3,3,20,14,7,9,3,3,3,3,3,3,20,1
lnpsnh145,lnpsnh145,1.0,1,18,1,19,20,1,1,1,1,1,7,7,1,1,7,7,1,1,10,6,1,1,1,1,1,4,1,1,10,13
lnpsnh146,lnpsnh146,1.0,1,18,1,1,1,1,1,1,19,1,15,1,1,1,1,15,1,1,22,1,1,1,8,8,10,1,1,1,22,18
lnpsnh147,lnpsnh147,1.0,1,34,1,1,1,33,1,33,34,1,1,1,1,9,1,1,1,27,34,1,4,1,1,1,1,1,1,1,34,34
lnpsnh148,lnpsnh148,1.0,3,15,1,16,16,1,1,9,10,1,1,1,1,3,1,7,3,3,10,1,3,3,3,3,3,3,3,1,10,13
lnpsnh149,lnpsnh149,1.0,9,30,1,1,1,1,1,1,1,10,1,1,1,3,1,1,3,3,1,28,8,3,3,3,3,3,3,13,1,30
lnpsnh150,lnpsnh150,1.0,7,20,23,23,23,1,14,1,1,11,1,1,11,9,1,1,1,7,1,12,3,1,6,6,1,8,8,11,1,1
lnpsnh151,lnpsnh151,1.0,18,1,1,1,1,1,1,1,1,1,1,25,23,1,1,24,2,20,28,1,3,2,8,9,1,1,10,1,28,1
lnpsnh152,lnpsnh152,1.0,18,32,1,1,1,2,2,2,29,2,26,27,25,13,27,26,4,9,29,23,6,4,8,8,4,15,13,21,29,32
lnpsnh153,lnpsnh153,1.0,1,1,1,1,1,1,1,28,1,1,17,1,1,10,1,17,2,15,1,1,1,1,4,4,5,6,6,1,1,1
lnpsnh154,lnpsnh154,1.0,1,34,1,1,1,1,1,1,1,1,1,1,1,1,1,25,1,22,31,24,5,1,1,6,1,8,1,24,31,36
lnpsnh155,lnpsnh155,1.0,5,18,1,25,25,1,1,1,18,1,17,17,1,11,17,17,5,13,21,1,5,5,5,8,5,5,10,1,23,18
lnpsnh156,lnpsnh156,1.0,13,1,1,1,1,1,1,1,1,25,1,28,25,1,28,1,1,17,1,26,4,1,1,1,7,1,1,25,1,1
lnpsnh157,lnpsnh157,1.0,1,1,1,21,21,1,20,1,1,1,1,1,18,1,1,1,1,1,1,14,8,1,1,1,1,10,1,12,1,1
lnpsnh158,lnpsnh158,1.0,12,41,1,1,42,29,1,30,32,1,1,1,1,12,1,20,12,12,32,16,12,12,12,12,15,12,12,1,32,32
lnpsnh159,lnpsnh159,1.0,8,24,1,1,1,1,1,1,1,1,1,1,1,1,1,1,1,1,21,14,2,1,1,1,1,1,1,10,21,24
lnpsnh160,lnpsnh160,1.0,1,28,1,1,1,28,1,28,28,11,1,1,26,1,1,1,1,1,28,20,1,1,2,2,1,1,1,22,28,28
lnpsnh161,lnpsnh161,1.0,1,10,1,1,1,1,1,1,1,1,8,1,1,1,1,8,1,1,12,1,1,1,1,1,1,1,1,1,11,10
lnpsnh162,lnpsnh162,1.0,1,19,1,1,1,1,1,1,1,1,15,17,13,1,1,15,7,1,20,14,6,1,1,1,1,1,10,13,21,19
lnpsnh163,lnpsnh163,1.0,1,38,1,1,1,1,1,1,1,1,35,36,1,8,35,35,1,1,1,31,1,1,1,1,7,8,8,1,1,38
lnpsnh164,lnpsnh164,1.0,1,29,1,32,32,1,20,1,23,11,1,1,11,1,1,21,1,1,23,14,1,1,5,4,8,1,10,14,23,29
lnpsnh165,lnpsnh165,1.0,10,1,1,1,1,1,1,1,1,1,14,16,13,1,1,14,2,1,1,1,4,2,1,1,1,1,8,1,1,1
lnpsnh166,lnpsnh166,1.0,13,1,1,1,1,21,16,1,1,1,16,16,1,3,20,17,3,3,1,15,3,3,3,8,9,3,3,1,1,1
lnpsnh167,lnpsnh167,1.0,25,71,1,74,74,1,1,1,1,1,69,69,1,25,69,69,4,25,72,67,23,4,24,24,2,25,25,28,73,71
lnpsnh168,lnpsnh168,1.0,1,16,1,1,1,1,1,15,16,1,1,1,1,1,12,1,2,1,20,1,2,3,1,1,1,8,1,1,19,16
lnpsnh169,lnpsnh169,1.0,1,35,1,36,36,1,1,1,30,10,1,26,1,1,27,25,1,1,30,1,1,1,1,1,1,1,1,1,30,35
lnpsnh170,lnpsnh170,1.0,4,25,1,1,26,1,19,1,1,14,22,22,14,13,22,22,4,4,1,16,4,4,4,4,10,4,4,18,1,1
lnpsnh171,lnpsnh171,1.0,1,1,1,1,1,1,1,1,1,17,22,22,21,14,22,22,5,16,28,20,5,11,1,1,13,14,14,1,28,1
lnpsnh172,lnpsnh172,1.0,1,32,1,1,1,22,17,24,1,1,20,1,16,1,1,21,1,1,1,15,5,1,1,1,1,1,1,1,1,32
lnpsnh173,lnpsnh173,1.0,16,2,1,1,1,2,2,2,2,2,41,42,2,2,42,41,2,2,2,37,2,6,2,10,2,2,2,2,2,2
lnpsnh174,lnpsnh174,1.0,2,26,1,1,1,1,1,1,25,1,21,21,1,17,21,21,2,2,31,1,7,2,15,10,2,17,17,1,29,26
lnpsnh175,lnpsnh175,1.0,10,2,1,1,1,2,2,2,2,2,2,18,2,2,2,2,2,2,30,16,5,2,7,2,2,2,9,2,2,2
lnpsnh176,lnpsnh176,1.0,2,22,1,23,23,19,1,19,19,1,1,17,1,2,1,1,3,13,19,14,3,3,2,2,8,11,9,1,19,19
lnpsnh177,lnpsnh177,1.0,1,29,1,1,1,1,1,1,27,1,24,1,1,1,1,24,4,20,27,1,8,3,1,1,1,13,1,1,27,29
lnpsnh178,lnpsnh178,1.0,15,2,1,1,1,2,2,2,22,2,2,2,19,2,2,2,2,2,2,2,5,10,13,13,13,2,2,2,23,2
lnpsnh179,lnpsnh179,1.0,12,29,1,1,1,1,21,1,1,1,1,1,1,1,22,1,1,1,36,14,4,1,6,1,1,1,8,14,33,29
lnpsnh180,lnpsnh180,1.0,19,1,1,41,41,1,1,1,1,1,1,31,1,12,31,29,12,22,37,1,12,12,14,12,12,12,12,1,1,1
lnpsnh181,lnpsnh181,1.0,1,1,1,1,1,1,1,1,1,1,1,1,1,6,1,1,1,1,1,8,3,1,1,1,1,6,6,9,1,1
lnpsnh182,lnpsnh182,1.0,7,14,1,19,1,11,1,11,11,1,1,10,1,7,10,1,1,7,16,1,2,6,1,1,1,7,7,1,16,14
lnpsnh183,lnpsnh183,1.0,17,34,1,1,1,32,1,32,34,1,1,1,1,16,1,1,1,16,34,29,15,1,16,16,16,16,16,1,36,34
lnpsnh184,lnpsnh184,1.0,1,1,1,1,1,1,1,1,33,1,27,27,25,11,27,27,1,1,35,20,9,1,1,1,1,12,11,1,1,1
lnpsnh185,lnpsnh185,1.0,4,29,31,1,1,1,17,1,1,1,17,17,1,4,17,17,1,4,22,16,1,1,4,4,7,11,4,1,1,24
lnpsnh186,lnpsnh186,1.0,20,53,1,1,1,30,1,30,42,25,1,1,27,1,29,1,3,1,49,25,3,3,13,14,1,1,1,25,49,44
lnpsnh187,lnpsnh187,1.0,13,1,1,1,1,1,1,1,1,1,1,25,1,1,1,24,2,16,1,18,2,7,1,1,10,1,12,23,1,1
lnpsnh188,lnpsnh188,1.0,12,27,1,1,1,1,22,1,1,1,1,24,1,1,24,1,1,1,27,14,1,1,7,7,1,1,1,1,27,27
lnpsnh189,lnpsnh189,1.0,35,47,1,1,1,1,1,1,1,1,1,1,1,1,42,1,1,1,1,39,27,28,1,1,1,33,1,39,1,50
lnpsnh190,lnpsnh190,1.0,13,35,1,1,1,1,31,1,1,1,30,30,1,7,32,30,3,22,1,29,6,2,7,7,7,7,7,1,1,35
lnpsnh191,lnpsnh191,1.0,1,19,1,1,1,1,1,1,14,3,1,1,3,1,1,1,1,1,17,6,1,1,1,1,1,1,1,3,1,19
lnpsnh192,lnpsnh192,1.0,11,29,1,31,31,1,1,1,29,1,19,26,16,11,26,22,2,11,30,13,2,2,6,2,2,11,11,13,30,29
lnpsnh193,lnpsnh193,1.0,16,25,1,1,1,1,1,1,1,1,1,1,1,1,1,19,2,1,23,1,2,2,5,1,9,1,1,1,23,23
lnpsnh194,lnpsnh194,1.0,10,1,1,1,1,1,1,1,1,1,1,1,1,2,1,1,2,13,1,17,4,2,2,2,2,2,2,1,1,1
lnpsnh195,lnpsnh195,1.0,6,22,1,1,1,1,1,1,17,1,11,11,1,5,11,13,1,8,17,1,1,1,1,1,1,5,5,9,17,17
lnpsnh196,lnpsnh196,1.0,1,25,1,1,1,1,12,1,1,1,12,12,1,1,21,12,1,1,1,10,4,1,1,1,6,1,1,1,1,23
lnpsnh197,lnpsnh197,1.0,3,35,1,1,1,1,1,1,33,1,1,1,1,11,19,1,3,18,33,1,3,3,9,9,3,3,3,1,33,33
lnpsnh198,lnpsnh198,1.0,5,1,1,1,1,1,1,1,26,1,1,1,1,5,1,1,6,5,1,23,6,14,17,5,5,20,5,23,1,1
lnpsnh199,lnpsnh199,1.0,2,17,1,1,1,1,1,1,1,1,1,1,1,2,14,1,2,2,20,11,2,4,2,2,2,2,2,1,20,17
lnpsnh200,lnpsnh200,1.0,1,22,23,23,23,19,1,18,1,5,1,1,14,1,1,16,1,1,1,13,1,1,4,3,1,1,1,12,1,22
lnpsnh201,lnpsnh201,1.0,15,2,1,31,31,2,2,20,2,2,2,2,2,4,2,2,4,4,25,2,9,4,4,4,4,4,4,2,24,26
lnpsnh202,lnpsnh202,1.0,1,19,26,24,24,10,1,1,1,5,1,1,1,1,8,1,1,1,19,7,1,1,1,1,1,1,1,6,19,23
lnpsnh203,lnpsnh203,1.0,1,29,1,1,1,1,14,24,1,1,16,16,1,1,16,16,1,1,25,13,3,1,1,8,1,1,1,1,1,29
lnpsnh204,lnpsnh204,1.0,27,33,1,1,1,1,1,1,1,28,1,1,28,21,1,1,11,1,33,28,7,16,1,19,1,21,25,29,33,33
lnpsnh205,lnpsnh205,1.0,8,23,1,24,24,1,1,13,1,1,1,1,1,5,1,1,4,4,17,1,4,4,4,4,4,5,5,1,1,1
lnpsnh206,lnpsnh206,1.0,1,31,1,1,1,1,1,27,1,1,23,23,1,1,24,23,1,1,29,18,1,1,1,1,1,3,1,8,29,29
lnpsnh207,lnpsnh207,1.0,1,1,1,1,1,15,1,1,1,1,1,1,1,1,1,1,2,1,1,12,2,2,1,1,3,7,1,9,1,1
lnpsnh208,lnpsnh208,1.0,1,23,1,1,1,21,1,22,1,1,1,20,18,1,20,1,1,1,26,16,1,4,1,1,1,1,1,17,25,23
lnpsnh209,lnpsnh209,1.0,10,1,1,1,1,1,21,1,1,1,22,23,1,5,22,22,1,5,1,18,1,1,1,1,1,5,5,19,27,1
lnpsnh210,lnpsnh210,1.0,9,25,1,1,1,1,1,1,1,1,1,1,21,1,1,1,1,1,26,17,2,1,4,4,1,1,6,15,26,27
lnpsnh211,lnpsnh211,1.0,16,1,1,1,1,1,1,1,1,1,1,1,25,1,31,27,1,17,33,20,8,1,12,12,1,1,1,1,1,1
lnpsnh212,lnpsnh212,1.0,3,1,1,1,1,1,1,23,1,16,19,19,16,3,19,19,4,3,1,16,3,6,7,7,3,3,12,18,1,1
lnpsnh213,lnpsnh213,1.0,12,28,1,1,1,25,23,25,27,1,23,23,1,1,23,23,2,20,26,1,6,2,9,9,1,1,1,1,26,28
lnpsnh214,lnpsnh214,1.0,1,33,1,1,1,1,1,1,30,13,1,1,15,6,1,1,1,1,30,25,1,1,1,1,1,1,1,17,30,33
lnpsnh215,lnpsnh215,1.0,11,1,1,19,1,1,1,1,1,1,1,1,1,11,1,1,3,11,1,1,10,3,11,11,11,11,11,1,1,1
lnpmh0,lnpmh0,1.0,49,73,1,1,1,1,0,57,61,1,1,1,1,25,1,53,5,25,62,50,6,19,24,22,22,27,33,51,1,66
lnpmh1,lnpmh1,1.0,28,1,46,1,1,1,0,1,1,0,39,37,0,0,37,0,10,0,1,35,9,6,15,12,0,18,25,0,1,1
lnpmh2,lnpmh2,1.0,20,50,71,71,74,39,22,39,41,1,1,29,1,1,30,28,3,1,70,1,5,9,1,13,1,1,1,1,50,50
lnpmh3,lnpmh3,1.0,3,32,1,1,1,2,0,22,2,2,0,0,2,3,0,0,4,3,0,15,4,4,0,0,3,11,3,15,0,0
lnpmh4,lnpmh4,1.0,22,51,1,1,1,1,1,1,1,33,1,1,33,6,1,42,2,6,47,33,2,2,1,4,1,6,8,33,0,0
lnpmh5,lnpmh5,1.0,25,58,62,1,1,50,1,1,1,29,43,47,29,0,0,46,1,0,1,29,1,1,7,7,7,10,17,0,57,1
lnpmh6,lnpmh6,1.0,17,0,54,1,1,2,28,37,41,23,32,32,27,2,32,34,4,2,43,25,0,3,11,8,8,13,2,25,2,2
lnpmh7,lnpmh7,1.0,23,0,1,96,96,50,45,2,2,2,47,0,29,5,0,47,5,5,80,32,5,5,11,10,14,5,15,29,76,58
lnpmh8,lnpmh8,1.0,17,38,1,40,40,29,24,29,29,18,1,28,18,0,1,26,0,0,29,20,0,5,0,0,0,7,13,20,29,29
lnpmh9,lnpmh9,1.0,10,41,1,47,47,0,18,1,36,11,1,23,16,2,30,1,2,2,45,11,4,0,2,2,2,2,2,11,41,41
lnpmh10,lnpmh10,1.0,22,40,46,46,46,31,26,33,34,24,1,0,24,11,29,27,6,11,35,24,6,6,12,12,11,11,11,25,36,38
lnpmh11,lnpmh11,1.0,33,51,0,59,59,51,0,51,51,40,46,49,40,22,49,46,12,30,55,40,15,18,22,22,22,25,22,40,54,51
lnpmh12,lnpmh12,1.0,12,0,0,0,0,0,0,0,0,43,0,0,43,10,0,0,0,0,0,43,0,0,8,8,4,4,4,43,0,49
lnpmh13,lnpmh13,1.0,23,53,1,1,1,1,1,50,1,35,43,1,0,24,1,43,2,30,1,40,4,20,1,1,1,25,26,41,1,1
lnpmh14,lnpmh14,1.0,23,40,1,42,1,1,1,1,0,1,1,1,0,3,1,1,3,3,0,34,7,3,10,3,3,0,3,1,0,40
lnpmh15,lnpmh15,1.0,16,60,0,65,65,0,50,59,0,45,55,0,48,9,0,55,4,20,63,41,2,2,7,5,8,9,9,41,61,60
lnpmh16,lnpmh16,1.0,26,50,0,0,0,0,0,38,0,30,0,0,27,2,35,0,2,20,47,31,2,2,6,9,2,15,19,27,44,50
lnpmh17,lnpmh17,1.0,73,98,1,99,1,1,88,96,1,1,89,87,82,17,87,89,9,75,1,1,13,16,0,17,23,17,17,1,97,1
lnpmh18,lnpmh18,1.0,19,45,1,1,48,1,38,1,44,36,41,41,36,12,41,41,6,2,45,36,5,2,2,2,2,12,12,36,45,45
lnpmh19,lnpmh19,1.0,2,31,1,1,1,1,1,1,33,1,1,29,27,2,0,1,8,20,31,22,8,7,10,12,2,17,2,22,31,31
lnpmh20,lnpmh20,1.0,24,61,1,1,1,4,4,4,4,38,43,44,40,4,4,43,4,30,51,39,8,4,4,4,14,4,16,38,50,54
lnpmh21,lnpmh21,1.0,7,34,1,1,1,1,22,28,1,1,23,26,1,7,23,23,5,7,1,20,5,4,9,9,12,7,7,1,29,35
lnpmh22,lnpmh22,1.0,3,0,1,42,42,1,1,34,1,0,1,1,0,3,1,32,5,3,40,16,3,7,3,3,3,11,14,18,40,40
lnpmh23,lnpmh23,1.0,0,86,88,1,1,73,1,73,79,61,68,67,61,1,67,71,1,1,85,65,0,7,1,13,0,31,36,65,85,86
lnpmh24,lnpmh24,1.0,0,31,1,1,1,1,1,1,31,23,28,30,23,1,30,28,1,10,31,23,1,1,1,1,1,6,7,23,31,31
lnpmh25,lnpmh25,1.0,0,2,48,48,49,0,2,2,2,37,2,41,37,0,41,2,0,35,46,39,13,15,0,17,20,32,0,39,2,2
lnpmh26,lnpmh26,1.0,25,43,1,51,51,2,2,2,38,27,36,36,27,3,36,36,4,3,40,33,4,11,15,14,14,3,20,27,39,41
lnpmh27,lnpmh27,1.0,18,55,1,1,1,47,41,1,1,1,0,43,28,1,43,0,3,27,54,31,9,3,1,11,14,1,15,31,1,55
lnpmh28,lnpmh28,1.0,36,65,0,0,0,0,0,0,0,43,0,0,43,0,0,0,0,41,56,43,5,0,10,10,0,25,29,43,52,0
lnpmh29,lnpmh29,1.0,2,42,1,1,44,1,1,1,36,28,1,1,28,2,31,1,4,2,40,30,7,2,16,2,18,23,27,30,40,41
lnpmh30,lnpmh30,1.0,19,32,40,1,1,33,1,33,32,1,29,31,24,6,31,30,8,0,37,25,8,6,6,6,6,15,6,24,36,32
lnpmh31,lnpmh31,1.0,19,47,1,1,1,0,0,0,39,30,0,0,35,9,38,37,3,23,0,32,5,3,3,3,3,11,13,30,0,42
lnpmh32,lnpmh32,1.0,26,50,1,53,53,1,1,1,1,28,1,40,28,11,39,0,4,27,47,28,7,9,11,11,11,13,14,0,42,52
lnpmh33,lnpmh33,1.0,25,48,1,1,1,1,1,1,1,42,1,1,42,1,1,1,1,32,47,42,1,1,1,1,1,8,11,42,47,1
lnpmh34,lnpmh34,1.0,45,0,1,0,58,1,0,1,1,1,1,1,1,1,53,1,0,48,54,1,4,19,0,23,31,41,1,1,54,1
lnpmh35,lnpmh35,1.0,2,24,1,1,1,1,1,1,1,1,1,1,1,2,1,17,3,2,1,16,0,8,2,2,2,2,9,16,1,1
lnpmsh0,lnpmsh0,1.0,23,40,1,42,42,1,1,34,1,28,1,32,28,20,1,1,7,24,1,28,7,12,13,13,13,14,18,29,36,38
lnpmsh1,lnpmsh1,1.0,1,45,1,50,50,1,1,1,1,1,26,1,21,1,1,26,7,20,1,23,5,8,10,10,14,1,1,24,1,1
lnpmsh2,lnpmsh2,1.0,8,47,1,1,1,28,26,28,29,25,5,27,5,8,27,5,8,23,31,5,10,8,13,13,8,8,16,5,41,30
lnpmsh3,lnpmsh3,1.0,21,44,1,1,1,32,1,33,1,23,1,1,23,15,1,1,8,11,36,29,1,1,11,11,12,15,15,30,1,44
lnpmsh4,lnpmsh4,1.0,43,70,1,1,1,2,2,2,2,2,2,2,2,14,51,2,11,14,2,48,9,13,14,14,14,14,14,2,56,71
lnpmsh5,lnpmsh5,1.0,22,56,64,1,1,1,1,41,44,1,1,1,27,1,36,1,1,1,50,29,1,1,7,7,1,20,14,29,47,54
lnpmsh6,lnpmsh6,1.0,22,46,1,52,54,40,33,45,40,1,1,39,1,1,1,37,8,23,46,26,7,9,10,1,12,1,16,30,46,46
lnpmsh7,lnpmsh7,1.0,32,61,1,1,1,1,2,1,51,39,2,46,39,5,46,2,8,34,53,45,11,5,5,14,18,5,5,39,53,53
lnpmsh8,lnpmsh8,1.0,3,69,72,72,72,1,1,56,1,39,50,51,39,3,1,1,1,3,1,43,1,1,4,6,13,3,26,47,62,71
lnpmsh9,lnpmsh9,1.0,23,46,1,1,1,3,34,3,3,24,3,3,33,3,3,3,7,3,39,29,5,9,10,10,3,12,3,30,39,42
lnpmsh10,lnpmsh10,1.0,16,39,1,1,1,30,1,1,1,18,23,1,1,6,25,22,6,6,1,1,7,6,10,10,6,6,6,1,32,1
lnpmsh11,lnpmsh11,1.0,17,40,1,1,1,28,1,29,1,1,1,26,24,7,26,1,1,20,31,23,3,1,5,5,5,9,16,22,30,40
lnpmsh12,lnpmsh12,1.0,29,48,1,1,50,1,1,41,46,34,36,40,33,1,37,36,1,31,1,33,1,1,7,1,10,12,1,33,1,1
lnpmsh13,lnpmsh13,1.0,45,63,1,69,69,60,1,61,63,1,1,1,48,7,1,56,7,7,67,53,7,7,11,12,17,18,7,48,66,63
lnpmsh14,lnpmsh14,1.0,1,1,1,25,1,17,1,1,22,13,1,15,12,10,1,1,1,11,23,12,1,4,1,1,1,1,9,12,1,1
lnpmsh15,lnpmsh15,1.0,31,60,1,1,1,47,1,49,50,35,42,42,35,23,44,42,4,4,53,38,4,4,14,20,22,23,23,35,53,60
lnpmsh16,lnpmsh16,1.0,23,38,1,1,40,1,1,1,1,25,1,1,25,4,1,1,1,4,37,25,1,1,1,1,1,6,21,28,1,38
lnpmsh17,lnpmsh17,1.0,15,29,1,1,1,1,1,1,1,1,1,19,1,4,19,18,2,4,22,1,2,2,4,7,4,4,4,1,22,30
lnpmsh18,lnpmsh18,1.0,13,43,1,1,1,36,1,41,1,1,27,31,24,13,31,27,6,20,46,22,11,6,13,13,13,13,18,22,48,43
lnpmsh19,lnpmsh19,1.0,28,50,1,1,1,3,3,3,40,3,3,3,3,3,38,3,3,3,44,30,6,11,16,15,20,3,3,3,44,47
lnpmsh20,lnpmsh20,1.0,12,50,1,60,60,1,16,1,1,1,1,18,1,2,1,1,2,14,21,1,2,5,8,7,2,2,2,1,21,56
lnpmsh21,lnpmsh21,1.0,19,51,54,1,1,1,38,1,45,1,33,33,1,1,33,33,1,1,45,27,5,1,9,9,9,14,16,1,45,45
lnpmsh22,lnpmsh22,1.0,18,68,1,1,1,46,1,57,59,38,44,1,41,18,1,44,1,18,67,41,3,15,17,17,1,28,36,41,67,68
lnpmsh23,lnpmsh23,1.0,13,49,1,1,1,29,1,1,1,18,1,1,23,1,28,1,1,15,37,21,1,1,6,6,6,11,1,21,34,1
lnpmsh24,lnpmsh24,1.0,8,38,1,1,1,1,1,25,26,1,1,22,1,1,22,1,2,1,37,17,4,2,1,1,1,6,1,1,36,38
lnpmsh25,lnpmsh25,1.0,40,68,1,1,1,1,1,1,52,44,1,1,44,10,1,47,9,41,58,44,4,1,10,10,10,13,10,44,58,64
lnpmsh26,lnpmsh26,1.0,24,52,1,53,53,45,1,45,50,1,34,36,1,8,36,34,4,26,45,30,5,4,10,10,13,8,21,33,45,52
lnpmsh27,lnpmsh27,1.0,20,51,1,1,1,1,1,1,1,1,27,26,1,5,26,39,9,22,44,1,8,8,14,14,5,15,15,1,1,1
lnpmsh28,lnpmsh28,1.0,51,87,1,1,1,1,1,73,1,1,1,1,1,2,1,1,3,2,77,65,3,14,19,19,2,2,48,71,77,78
lnpmsh29,lnpmsh29,1.0,19,40,1,1,1,30,1,30,30,1,27,1,1,8,29,27,1,1,30,24,1,1,6,6,6,8,16,1,30,30
lnpmsh30,lnpmsh30,1.0,24,1,1,1,1,43,1,1,44,1,34,39,1,11,42,34,6,26,47,31,1,1,1,1,10,12,17,31,47,1
lnpmsh31,lnpmsh31,1.0,15,69,1,1,1,37,30,42,45,21,1,32,21,1,32,1,1,1,47,24,5,1,1,1,9,12,13,27,47,51
lnpmsh32,lnpmsh32,1.0,24,50,1,1,1,1,1,39,42,28,1,1,27,1,37,1,1,26,45,30,1,10,12,15,16,21,23,27,45,48
lnpmsh33,lnpmsh33,1.0,20,51,1,1,1,37,2,38,40,2,2,36,2,13,35,2,5,13,48,25,7,12,2,2,2,17,18,31,41,49
lnpmsh34,lnpmsh34,1.0,1,27,1,28,28,1,1,20,1,1,1,1,11,1,17,1,1,10,23,13,3,4,1,1,1,1,1,11,21,21
lnpmsh35,lnpmsh35,1.0,20,78,80,1,1,2,53,2,2,42,57,57,52,11,64,57,3,38,2,47,3,6,8,7,9,11,11,49,70,73
lnpmsh36,lnpmsh36,1.0,24,1,1,1,1,1,32,1,39,26,32,32,1,1,32,36,2,1,1,31,2,1,9,9,15,17,20,29,43,1
lnpmsh37,lnpmsh37,1.0,5,110,1,1,1,1,1,36,1,22,1,1,28,8,33,1,5,21,1,1,5,5,5,5,5,8,10,1,37,40
lnpmsh38,lnpmsh38,1.0,5,46,1,1,1,1,1,1,1,1,35,1,1,5,1,35,5,5,1,29,5,5,5,5,14,19,20,32,1,39
lnpmsh39,lnpmsh39,1.0,17,44,1,1,1,33,26,33,32,25,29,30,25,5,3,3,11,20,38,25,7,7,12,5,13,14,5,25,41,44
lnpmsh40,lnpmsh40,1.0,16,27,1,28,28,25,1,25,25,1,1,1,18,1,1,1,3,1,25,20,1,1,1,1,1,1,1,18,26,27
lnpmsh41,lnpmsh41,1.0,18,48,1,1,1,38,1,38,38,25,31,31,29,6,31,31,5,6,43,25,4,1,6,6,8,12,13,25,42,47
lnpmsh42,lnpmsh42,1.0,1,21,1,1,1,16,1,16,16,1,1,1,1,1,1,13,4,1,19,10,4,4,1,1,1,8,9,1,19,24
lnpmsh43,lnpmsh43,1.0,1,66,1,1,1,54,1,50,58,28,1,1,41,14,47,46,2,26,50,40,4,6,1,9,10,1,1,35,59,60
lnpmsh44,lnpmsh44,1.0,24,2,1,1,1,2,2,36,2,25,2,2,25,13,2,2,3,2,2,30,5,3,2,2,10,13,13,26,44,2
lnpmsh45,lnpmsh45,1.0,1,67,1,1,72,1,1,1,52,1,1,1,1,1,47,1,21,1,53,41,25,26,1,28,1,29,31,32,53,57
lnpmsh46,lnpmsh46,1.0,18,32,1,36,36,1,23,1,1,1,1,1,20,3,1,1,5,19,26,1,7,5,15,15,3,3,3,1,26,35
lnpmsh47,lnpmsh47,1.0,21,54,1,1,55,40,35,40,44,29,1,1,34,3,1,1,5,22,51,29,9,11,12,12,3,3,3,29,51,45
lnpmsh48,lnpmsh48,1.0,34,50,1,1,53,1,46,1,1,38,46,46,38,1,46,46,20,1,1,43,27,9,1,1,29,33,33,43,1,1
lnpmsh49,lnpmsh49,1.0,22,56,1,57,57,1,1,1,1,28,1,1,29,5,1,1,1,23,38,31,1,1,8,8,6,13,17,29,37,54
lnpmsh50,lnpmsh50,1.0,18,60,1,1,1,48,1,49,50,1,40,44,38,1,40,42,1,22,53,25,1,8,1,1,10,1,1,28,50,65
lnpmsh51,lnpmsh51,1.0,1,23,28,1,1,17,1,1,1,1,1,1,1,1,1,1,6,10,1,16,4,7,8,8,1,1,9,16,1,1
lnpmsh52,lnpmsh52,1.0,25,50,1,1,53,37,1,39,1,1,32,1,30,24,35,33,7,28,45,30,5,1,1,1,12,20,14,30,42,46
lnpmsh53,lnpmsh53,1.0,38,1,1,1,1,1,3,1,1,39,3,3,39,29,3,47,8,38,50,42,8,25,7,7,27,35,37,45,49,1
lnpmsh54,lnpmsh54,1.0,3,26,33,1,1,1,22,1,1,1,1,1,21,16,1,1,6,3,30,19,4,3,8,8,7,16,16,19,28,32
lnpmsh55,lnpmsh55,1.0,42,63,1,1,1,1,55,1,1,49,56,59,49,1,56,56,1,48,1,54,1,1,10,14,21,34,38,52,1,66
lnpmsh56,lnpmsh56,1.0,17,1,1,1,1,1,1,38,40,1,31,1,1,14,1,32,4,18,43,26,4,8,1,9,10,13,1,1,42,1
lnpmsh57,lnpmsh57,1.0,43,55,1,1,56,1,2,1,48,2,2,2,2,2,47,2,6,44,50,2,6,6,10,11,14,2,2,2,51,52
lnpmsh58,lnpmsh58,1.0,10,39,1,1,42,24,1,21,25,17,1,1,17,1,19,1,1,15,26,17,1,1,3,1,1,1,1,17,25,28
lnpmsh59,lnpmsh59,1.0,13,37,38,38,38,2,2,2,24,2,2,2,19,10,22,2,3,10,28,15,7,3,10,10,10,10,10,16,28,24
lnpmsh60,lnpmsh60,1.0,2,106,1,1,1,1,39,1,47,1,42,44,1,2,44,42,17,2,53,38,23,24,26,26,2,31,2,38,53,106
lnpmsh61,lnpmsh61,1.0,20,36,38,1,1,31,1,31,31,22,1,1,22,1,1,1,4,1,31,28,8,9,1,1,1,16,1,26,31,35
lnpmsh62,lnpmsh62,1.0,17,46,1,1,1,1,28,32,33,26,29,1,26,2,1,29,9,25,35,26,2,2,12,12,13,15,15,27,38,42
lnpmsh63,lnpmsh63,1.0,20,34,1,1,39,28,1,30,28,1,1,1,1,3,26,1,3,22,31,1,6,3,14,14,3,3,16,1,31,35
lnpmsh64,lnpmsh64,1.0,55,78,1,1,1,1,2,1,64,56,60,60,2,2,61,60,8,52,64,59,5,5,14,14,16,46,2,2,64,71
lnpmsh65,lnpmsh65,1.0,5,34,1,1,1,1,1,1,1,1,26,1,19,11,1,26,5,5,31,17,5,5,10,10,10,11,11,17,30,33
lnpmsh66,lnpmsh66,1.0,28,54,1,1,1,46,2,46,46,32,38,2,2,22,2,38,3,2,52,2,6,3,8,8,2,18,11,34,51,54
lnpmsh67,lnpmsh67,1.0,4,52,1,1,1,32,29,42,44,1,1,1,1,4,1,1,12,4,46,27,12,14,4,4,17,18,21,27,44,48
lnpmsh68,lnpmsh68,1.0,56,96,1,1,98,1,77,1,81,1,79,79,74,29,79,79,36,68,91,75,33,38,47,47,46,55,29,74,91,94
lnpmsh69,lnpmsh69,1.0,27,49,1,1,1,2,2,2,2,30,2,40,31,7,40,35,10,7,44,31,10,7,19,7,22,23,7,31,45,2
lnpmsh70,lnpmsh70,1.0,7,38,1,1,1,30,26,30,30,7,7,29,7,7,29,7,8,18,32,20,9,10,12,7,7,7,7,21,33,32
lnpmsh71,lnpmsh71,1.0,2,21,1,1,1,21,1,21,23,1,1,1,1,2,1,1,3,16,25,17,5,3,7,2,2,11,12,17,21,26
lnpmsh72,lnpmsh72,1.0,31,51,1,1,1,1,1,1,1,33,36,1,34,1,1,35,4,1,1,1,7,4,1,1,28,1,1,1,41,46
lnpmsh73,lnpmsh73,1.0,35,63,1,1,1,1,50,57,1,44,50,50,44,9,53,50,9,43,61,48,9,9,23,23,9,28,9,44,61,60
lnpmsh74,lnpmsh74,1.0,49,82,1,1,1,1,1,77,78,1,1,1,62,34,68,1,13,15,78,59,13,13,15,15,31,43,47,56,78,78
lnpmsh75,lnpmsh75,1.0,2,2,45,45,45,2,2,2,2,2,32,34,29,2,33,32,9,2,42,2,7,10,12,12,2,15,21,2,40,2
lnpmsh76,lnpmsh76,1.0,27,44,1,1,1,39,3,40,39,3,34,37,3,3,37,34,3,3,39,29,3,3,3,3,9,11,17,29,39,39
lnpmsh77,lnpmsh77,1.0,20,72,1,73,73,1,26,1,1,1,27,27,24,4,27,27,4,4,34,22,4,4,4,8,4,4,4,22,33,71
lnpmsh78,lnpmsh78,1.0,27,57,1,1,60,1,1,1,1,1,33,1,1,25,36,33,5,4,1,29,9,12,4,4,4,17,21,32,1,45
lnpmsh79,lnpmsh79,1.0,1,1,1,1,1,1,23,25,1,1,1,24,1,1,24,1,2,19,1,1,2,11,1,1,12,15,1,1,27,28
lnpmsh80,lnpmsh80,1.0,29,44,1,1,45,2,2,38,2,2,2,2,2,2,33,32,2,30,40,2,6,2,8,12,8,15,19,2,41,2
lnpmsh81,lnpmsh81,1.0,29,64,67,65,65,46,1,57,46,40,43,1,40,1,44,1,1,38,63,40,6,1,9,1,12,1,1,40,61,58
lnpmsh82,lnpmsh82,1.0,12,46,48,1,1,42,34,42,42,1,35,40,1,1,41,36,7,21,45,33,4,8,1,1,1,9,11,1,45,46
lnpmsh83,lnpmsh83,1.0,20,63,1,1,1,55,1,59,55,1,1,48,1,15,48,45,1,29,55,40,1,1,7,7,14,17,17,34,61,63
lnpmsh84,lnpmsh84,1.0,2,28,1,1,31,1,1,1,1,1,1,22,1,2,24,1,2,11,28,19,3,2,7,7,8,2,9,20,29,28
lnpmsh85,lnpmsh85,1.0,21,53,1,1,1,32,1,32,36,1,1,29,1,20,28,27,1,24,38,1,5,1,10,10,14,16,8,1,40,43
lnpmsh86,lnpmsh86,1.0,2,41,1,1,1,1,1,1,1,1,1,1,1,2,1,1,3,31,1,1,5,3,11,12,2,23,2,35,40,1
lnpmsh87,lnpmsh87,1.0,35,54,1,1,1,48,1,48,54,1,43,1,1,3,1,43,3,36,54,42,4,3,7,7,10,29,31,40,59,54
lnpmsh88,lnpmsh88,1.0,27,54,57,57,57,1,34,39,41,28,31,31,29,1,31,31,1,1,44,28,5,1,17,19,1,21,21,28,44,44
lnpmsh89,lnpmsh89,1.0,23,49,1,1,1,38,34,38,45,29,37,34,28,11,34,37,11,27,46,32,11,19,11,11,20,11,22,32,46,47
lnpmsh90,lnpmsh90,1.0,33,94,1,98,98,1,2,76,1,2,2,2,61,2,2,2,5,37,80,58,6,9,24,24,21,28,2,45,78,96
lnpmsh91,lnpmsh91,1.0,29,48,1,1,1,42,35,42,42,30,37,36,34,8,36,39,4,8,43,30,7,4,11,11,8,16,16,30,43,50
lnpmsh92,lnpmsh92,1.0,14,55,1,56,1,41,27,37,1,20,27,27,26,1,27,32,1,18,1,25,3,1,10,9,9,12,1,19,1,45
lnpmsh93,lnpmsh93,1.0,1,45,1,1,47,35,30,40,1,1,31,31,22,1,31,31,6,16,43,20,3,7,1,1,1,14,1,1,44,45
lnpmsh94,lnpmsh94,1.0,33,93,1,1,1,1,54,61,1,1,54,54,53,2,54,58,8,2,63,50,9,14,21,21,22,2,2,52,89,1
lnpmsh95,lnpmsh95,1.0,10,42,1,1,1,32,1,32,32,18,25,27,18,1,29,24,4,9,37,18,1,1,1,1,1,1,1,22,37,42
lnpmsh96,lnpmsh96,1.0,29,40,1,1,1,36,1,36,36,1,1,1,34,3,1,1,3,3,38,1,10,12,23,23,3,3,3,1,36,39
lnpmsh97,lnpmsh97,1.0,30,48,51,51,51,38,1,1,40,32,1,1,32,1,1,37,1,21,47,34,2,5,16,17,19,1,1,32,44,40
lnpmsh98,lnpmsh98,1.0,2,68,71,71,71,1,2,1,54,2,38,48,33,2,53,38,2,30,54,36,2,2,2,2,2,25,2,37,54,55
lnpmsh99,lnpmsh99,1.0,26,46,1,1,1,41,33,43,45,2,34,30,2,2,36,34,2,27,2,28,3,4,7,7,2,13,11,2,2,2
lnpmsh100,lnpmsh100,1.0,10,50,1,1,1,1,31,1,33,1,1,1,29,10,1,1,2,10,35,28,7,2,18,18,10,10,10,24,34,34
lnpmsh101,lnpmsh101,1.0,21,46,1,1,1,1,1,1,37,1,1,1,28,1,1,1,5,1,36,1,5,8,1,1,15,18,1,1,36,43
lnpmsh102,lnpmsh102,1.0,2,51,1,1,1,39,1,45,46,21,28,31,21,2,31,29,4,2,39,25,7,9,2,2,2,15,17,21,39,50
lnpmsh103,lnpmsh103,1.0,22,34,1,1,1,2,2,2,2,2,2,2,2,7,2,26,4,7,33,2,4,4,7,7,12,13,13,2,30,2
lnpmsh104,lnpmsh104,1.0,36,68,1,1,1,46,1,46,1,1,1,1,1,35,1,1,3,37,1,41,3,8,14,26,27,11,34,42,1,68
lnpmsh105,lnpmsh105,1.0,1,50,1,1,1,26,22,26,1,1,23,22,1,1,22,23,1,1,1,1,6,11,14,1,1,1,15,1,1,1
lnpmsh106,lnpmsh106,1.0,18,1,1,1,1,21,1,1,1,1,1,1,1,2,1,1,3,2,23,1,5,3,2,2,2,2,2,1,23,1
lnpmsh107,lnpmsh107,1.0,27,52,1,1,1,1,34,1,39,3,34,34,33,15,38,34,12,27,44,32,10,8,19,20,23,15,15,31,1,50
lnpmsh108,lnpmsh108,1.0,28,51,55,57,57,1,39,1,1,33,42,43,33,7,43,42,10,23,46,36,7,7,7,7,13,7,22,33,46,54
lnpmsh109,lnpmsh109,1.0,8,54,1,1,1,39,1,40,42,1,1,33,1,22,37,31,17,25,48,1,14,19,8,8,20,21,21,1,46,39
lnpmsh110,lnpmsh110,1.0,1,29,1,1,1,15,1,18,1,1,12,1,1,1,13,12,1,8,23,10,1,1,1,1,1,1,4,11,23,24
lnpmsh111,lnpmsh111,1.0,3,47,1,1,48,2,3,2,2,12,25,21,12,3,26,25,3,11,28,18,3,7,3,3,9,3,3,12,28,28
lnpmsh112,lnpmsh112,1.0,22,39,1,42,41,1,1,1,33,23,29,29,23,1,29,29,1,1,34,28,3,4,10,6,6,1,1,27,34,37
lnpmsh113,lnpmsh113,1.0,1,44,45,1,1,1,1,33,1,1,1,28,23,1,29,1,11,1,1,22,3,1,13,13,1,16,16,22,35,36
lnpmsh114,lnpmsh114,1.0,1,37,1,1,1,1,27,1,34,1,1,32,1,1,33,1,2,1,1,25,5,2,13,13,1,18,18,1,35,39
lnpmsh115,lnpmsh115,1.0,12,34,1,1,1,22,1,22,22,1,19,1,1,1,21,18,1,1,34,16,2,1,6,6,1,7,7,1,37,34
lnpmsh116,lnpmsh116,1.0,12,39,1,1,1,19,1,19,19,1,1,1,1,10,1,1,4,10,23,15,4,7,8,8,8,10,11,16,24,26
lnpmsh117,lnpmsh117,1.0,15,57,1,59,59,1,1,1,38,21,1,1,21,1,33,1,2,1,42,32,1,1,4,5,7,8,1,29,39,58
lnpmsh118,lnpmsh118,1.0,25,46,50,50,50,2,33,41,2,2,35,35,2,2,40,35,6,2,45,31,4,7,14,11,2,17,2,29,44,46
lnpmsh119,lnpmsh119,1.0,29,87,1,1,1,35,32,45,35,2,2,2,2,2,2,2,2,29,48,2,2,5,8,13,21,26,23,2,49,35
lnpmsh120,lnpmsh120,1.0,2,34,1,1,1,1,17,1,1,2,20,20,2,2,20,21,2,12,30,2,3,2,2,2,6,9,11,2,30,1
lnpmsh121,lnpmsh121,1.0,8,36,1,39,1,1,1,1,25,16,1,1,21,2,1,1,3,12,28,17,2,2,2,2,2,2,2,1,28,38
lnpmsh122,lnpmsh122,1.0,24,66,1,1,1,52,42,52,57,1,41,44,38,2,46,41,2,27,60,35,2,2,5,6,11,2,2,35,60,56
lnpmsh123,lnpmsh123,1.0,29,87,1,1,1,63,2,63,63,37,2,51,2,20,60,46,15,31,63,41,15,17,24,25,27,20,28,42,67,70
lnpmsh124,lnpmsh124,1.0,2,52,1,1,58,1,27,1,1,1,32,33,1,2,33,32,2,2,1,22,9,10,14,17,19,20,2,22,40,52
lnpmsh125,lnpmsh125,1.0,11,48,51,51,51,38,27,38,39,1,1,1,1,10,33,1,3,10,42,20,3,3,3,7,3,10,10,1,41,49
lnpmsh126,lnpmsh126,1.0,8,46,1,1,1,1,1,18,20,1,1,1,12,1,14,1,1,1,34,10,1,4,1,1,1,1,1,10,21,46
lnpmsh127,lnpmsh127,1.0,15,50,55,1,54,40,1,42,43,28,1,37,28,13,37,1,2,19,43,34,3,6,8,10,2,2,2,28,43,49
lnpmsh128,lnpmsh128,1.0,2,23,1,1,1,21,20,21,2,2,20,20,2,2,20,20,2,2,22,2,9,11,2,2,2,2,2,19,22,23
lnpmsh129,lnpmsh129,1.0,16,34,1,1,1,28,1,1,30,1,1,1,1,1,1,1,1,1,31,20,1,1,6,6,1,9,10,20,29,38
lnpmsh130,lnpmsh130,1.0,11,41,1,1,47,23,1,22,22,16,1,17,16,11,18,1,3,14,22,16,6,8,11,11,11,11,11,16,22,22
lnpmsh131,lnpmsh131,1.0,39,68,69,69,69,1,1,1,1,1,1,1,48,13,1,1,2,1,62,44,6,7,8,8,9,14,17,45,58,68
lnpmsh132,lnpmsh132,1.0,21,59,1,1,1,45,1,45,45,25,33,1,25,1,1,33,4,22,45,25,4,12,1,1,14,1,17,29,50,45
lnpmsh133,lnpmsh133,1.0,1,1,1,1,23,1,1,1,1,1,1,1,1,1,17,1,2,11,22,12,4,2,8,1,9,1,1,1,22,1
lnpmsh134,lnpmsh134,1.0,5,66,1,1,1,48,43,48,47,32,45,45,1,26,45,45,5,5,55,40,7,13,19,22,24,27,26,33,62,49
lnpmsh135,lnpmsh135,1.0,28,53,1,1,1,47,38,47,49,2,38,42,2,3,46,40,5,33,47,2,3,3,7,3,3,24,3,2,51,47
lnpmsh136,lnpmsh136,1.0,16,50,1,1,1,29,1,1,1,1,26,28,1,1,26,26,1,1,31,21,1,9,11,11,12,13,1,21,33,53
lnpmsh137,lnpmsh137,1.0,28,75,1,76,76,57,1,57,56,48,1,1,52,14,1,1,4,14,62,52,4,4,7,7,10,14,21,52,62,69
lnpmsh138,lnpmsh138,1.0,11,31,33,1,1,27,20,27,27,17,1,1,17,1,26,1,2,1,30,19,4,6,8,8,1,1,1,19,27,27
lnpmsh139,lnpmsh139,1.0,12,28,1,30,1,1,1,1,1,1,1,23,1,1,1,1,1,14,26,21,3,1,1,1,1,1,1,19,26,26
lnpmsh140,lnpmsh140,1.0,57,72,1,1,1,2,2,67,2,2,2,2,2,54,64,2,2,60,2,61,2,5,2,2,6,2,53,2,2,76
lnpmsh141,lnpmsh141,1.0,12,53,1,1,1,1,1,43,1,1,1,36,35,12,1,1,8,24,46,32,8,7,16,14,18,20,21,31,46,58
lnpmsh142,lnpmsh142,1.0,6,37,1,1,1,1,1,1,25,18,1,1,17,14,24,1,7,6,28,17,7,8,12,12,6,14,14,17,29,28
lnpmsh143,lnpmsh143,1.0,28,1,1,56,57,1,1,1,1,1,46,47,1,22,50,45,2,34,51,40,3,15,1,1,1,20,20,40,51,1
lnpmsh144,lnpmsh144,1.0,1,48,1,1,51,1,1,37,38,27,1,1,27,1,1,1,2,25,42,29,6,14,17,16,1,21,20,29,42,49
lnpmsh145,lnpmsh145,1.0,40,87,1,1,1,1,65,1,80,1,71,67,1,1,72,71,30,1,83,61,35,29,1,1,1,1,1,59,85,81
lnpmsh146,lnpmsh146,1.0,23,1,1,1,1,1,2,1,1,2,2,2,2,2,32,2,2,2,40,2,7,9,11,11,11,21,22,2,40,1
lnpmsh147,lnpmsh147,1.0,14,117,1,1,1,1,1,88,1,19,84,81,22,10,87,84,2,17,96,76,1,1,6,6,6,10,10,22,96,1
lnpmsh148,lnpmsh148,1.0,38,51,1,60,60,45,1,45,52,40,44,1,1,5,1,44,13,5,55,42,18,19,5,5,26,29,37,43,55,51
lnpmsh149,lnpmsh149,1.0,17,56,1,1,57,1,1,1,1,18,21,21,18,7,21,32,2,9,1,18,2,2,2,2,4,7,7,18,1,1
lnpmsh150,lnpmsh150,1.0,9,29,32,1,1,24,1,24,1,1,1,21,12,1,17,1,5,11,1,12,3,1,1,1,1,1,1,12,1,29
lnpmsh151,lnpmsh151,1.0,25,1,47,1,1,1,1,1,1,30,35,37,32,26,40,35,1,25,1,30,6,1,21,22,24,27,26,30,1,1
lnpmsh152,lnpmsh152,1.0,5,41,1,43,43,3,23,3,32,3,28,24,3,5,24,30,5,22,33,3,5,5,5,5,5,5,15,3,37,42
lnpmsh153,lnpmsh153,1.0,25,52,1,1,1,35,1,37,40,1,1,1,1,5,33,1,7,26,46,30,8,7,14,5,17,18,23,28,44,41
lnpmsh154,lnpmsh154,1.0,5,52,1,53,53,27,21,27,27,1,23,23,1,5,23,23,5,5,32,19,5,9,5,12,5,5,16,19,30,36
lnpmsh155,lnpmsh155,1.0,13,38,1,1,1,27,26,30,27,1,1,1,24,1,1,1,6,1,27,18,6,9,1,1,1,1,12,19,27,27
lnpmsh156,lnpmsh156,1.0,2,61,1,65,65,50,37,1,1,34,37,37,34,2,40,37,12,33,1,34,14,16,18,2,31,2,2,34,56,61
lnpmsh157,lnpmsh157,1.0,3,43,45,44,1,1,22,25,1,13,22,22,16,3,22,22,3,3,36,16,5,3,3,9,3,3,3,17,36,1
lnpmsh158,lnpmsh158,1.0,3,23,1,1,1,2,17,21,22,2,17,19,2,3,20,17,3,3,22,2,3,3,10,10,11,14,3,2,22,23
lnpmsh159,lnpmsh159,1.0,2,40,1,1,1,31,2,31,33,24,2,2,2,21,2,2,12,23,33,25,7,4,2,2,16,2,20,25,33,33
lnpmsh160,lnpmsh160,1.0,17,34,36,1,1,1,1,26,27,1,1,1,20,1,24,1,9,1,29,1,7,5,10,12,1,15,1,1,29,32
lnpmsh161,lnpmsh161,1.0,46,74,1,1,1,1,1,1,64,1,52,56,1,2,57,54,2,48,70,1,5,2,12,12,14,19,21,1,69,71
lnpmsh162,lnpmsh162,1.0,1,34,1,1,1,29,1,30,1,1,1,26,21,1,26,1,1,9,1,19,1,1,1,1,3,1,1,16,1,1
lnpmsh163,lnpmsh163,1.0,2,53,58,55,55,1,35,1,1,31,1,1,34,2,1,1,6,30,40,33,2,22,2,2,2,2,2,31,1,1
lnpmsh164,lnpmsh164,1.0,11,55,61,61,61,39,36,39,43,4,37,37,4,11,37,37,11,11,42,4,11,11,17,17,11,11,33,4,45,59
lnpmsh165,lnpmsh165,1.0,26,74,1,1,1,40,1,43,40,1,1,1,37,18,1,1,10,17,46,34,10,10,17,17,17,19,18,34,46,73
lnpmsh166,lnpmsh166,1.0,26,62,1,1,1,1,1,36,1,29,1,1,29,2,35,1,2,2,40,29,5,2,16,16,17,20,20,29,40,48
lnpmsh167,lnpmsh167,1.0,6,23,1,1,1,1,1,17,1,1,1,1,8,1,1,1,1,1,21,10,1,1,1,1,1,1,1,10,21,19
lnpmsh168,lnpmsh168,1.0,17,32,39,39,39,1,1,1,1,20,23,23,20,1,23,23,1,1,1,20,4,1,5,5,7,1,13,20,26,37
lnpmsh169,lnpmsh169,1.0,14,32,1,1,1,24,19,25,24,1,19,22,15,1,19,21,1,1,24,16,1,1,8,8,7,12,1,16,27,24
lnpmsh170,lnpmsh170,1.0,25,54,57,57,57,1,1,38,42,26,31,34,26,4,34,31,4,4,45,26,6,4,4,12,4,13,14,26,46,43
lnpmsh171,lnpmsh171,1.0,11,81,1,83,83,72,64,72,73,1,67,65,1,1,69,67,1,17,73,55,1,4,1,9,1,1,1,1,73,73
lnpmsh172,lnpmsh172,1.0,41,67,1,1,70,57,48,60,57,43,1,1,43,25,54,51,18,7,57,47,17,19,7,7,23,29,25,43,57,69
lnpmsh173,lnpmsh173,1.0,23,57,58,58,60,34,2,34,2,26,2,32,28,12,32,2,7,2,39,26,5,9,2,11,2,13,22,26,45,50
lnpmsh174,lnpmsh174,1.0,18,1,1,63,1,1,59,1,1,19,59,59,1,1,59,59,2,1,1,49,2,2,7,8,5,1,11,1,1,1
lnpmsh175,lnpmsh175,1.0,42,102,1,1,1,1,1,62,1,1,1,59,1,1,58,1,8,46,86,54,7,6,14,14,9,18,24,53,87,95
lnpmsh176,lnpmsh176,1.0,31,79,1,81,81,1,1,1,72,41,61,58,1,13,66,61,17,39,72,50,16,13,13,24,29,30,13,1,72,75
lnpmsh177,lnpmsh177,1.0,2,40,1,1,1,34,2,33,38,2,2,2,2,18,2,2,3,2,2,30,9,3,15,2,16,28,19,29,2,2
lnpmsh178,lnpmsh178,1.0,15,4,1,1,1,4,35,4,4,5,35,39,5,15,39,35,11,15,4,34,6,12,16,15,15,20,21,34,45,4
lnpmsh179,lnpmsh179,1.0,1,53,1,1,58,38,1,38,37,1,1,1,31,1,1,1,6,26,41,29,10,6,13,14,16,1,24,1,41,56
lnpmsh180,lnpmsh180,1.0,28,72,1,1,1,1,1,43,1,31,36,1,35,2,1,36,6,29,45,32,13,4,14,16,14,22,24,32,45,53
lnpmsh181,lnpmsh181,1.0,1,33,1,1,1,1,1,1,1,1,1,1,15,1,1,1,1,1,23,1,1,1,1,1,9,11,11,1,23,34
lnpmsh182,lnpmsh182,1.0,41,85,88,88,88,67,3,67,67,50,3,3,53,21,64,57,13,44,67,50,10,17,3,3,3,23,33,50,67,71
lnpmsh183,lnpmsh183,1.0,28,41,1,47,1,36,1,38,1,35,1,1,35,17,1,1,14,17,1,35,14,15,17,17,17,21,17,35,1,41
lnpmsh184,lnpmsh184,1.0,49,96,1,1,1,92,1,92,92,1,1,84,63,1,87,1,1,59,92,73,1,1,5,5,8,13,1,63,93,92
lnpmsh185,lnpmsh185,1.0,18,47,1,1,1,1,1,1,1,1,30,30,26,6,31,30,3,19,36,1,5,3,9,9,7,12,17,1,32,42
lnpmsh186,lnpmsh186,1.0,21,42,1,1,1,39,2,39,40,31,38,2,35,8,2,37,13,28,2,33,12,16,8,8,18,8,8,33,2,48
lnpmsh187,lnpmsh187,1.0,22,45,1,1,1,1,1,1,1,1,1,1,34,21,1,1,8,28,40,30,8,8,8,8,13,16,16,30,40,1
lnpmsh188,lnpmsh188,1.0,37,61,1,69,1,1,3,58,61,42,51,52,42,16,55,51,7,40,65,42,5,8,13,13,11,19,16,42,61,61
lnpmsh189,lnpmsh189,1.0,25,56,59,58,1,47,1,47,47,1,44,44,1,5,44,44,8,32,50,41,8,8,19,5,22,5,5,1,50,47
lnpmsh190,lnpmsh190,1.0,12,27,1,1,1,1,1,1,1,1,14,1,1,1,1,14,1,1,22,1,5,1,8,8,8,1,1,1,22,22
lnpmsh191,lnpmsh191,1.0,32,53,1,1,1,2,41,48,2,34,41,41,34,15,46,41,14,15,2,37,14,14,15,15,19,15,23,37,2,2
lnpmsh192,lnpmsh192,1.0,24,62,1,1,1,43,39,1,46,32,1,1,38,1,1,40,3,26,1,37,4,8,10,11,1,15,13,32,1,56
lnpmsh193,lnpmsh193,1.0,20,38,1,1,1,33,25,33,33,1,25,25,24,1,31,27,2,1,33,22,8,12,1,15,1,16,1,22,33,33
lnpmsh194,lnpmsh194,1.0,13,79,1,1,1,39,29,39,1,16,1,1,16,12,37,1,7,3,1,23,7,3,11,11,3,12,12,22,1,84
lnpmsh195,lnpmsh195,1.0,59,85,1,86,86,1,1,1,1,61,1,69,1,16,69,1,1,60,77,1,1,9,1,1,11,28,29,64,76,78
lnpmsh196,lnpmsh196,1.0,33,48,1,1,1,1,1,39,41,1,1,1,1,1,1,36,1,1,40,1,5,9,12,16,1,17,1,1,40,46
lnpmsh197,lnpmsh197,1.0,37,64,1,1,1,53,1,53,1,43,1,1,43,1,1,1,1,38,1,50,1,1,1,1,9,18,33,43,60,65
lnpmsh198,lnpmsh198,1.0,46,68,71,1,1,1,1,1,1,1,54,54,1,38,54,54,23,14,58,52,21,25,28,31,14,14,14,52,59,66
lnpmsh199,lnpmsh199,1.0,18,58,1,1,1,47,1,49,47,27,34,33,27,4,46,34,4,26,51,29,7,4,4,4,9,4,12,27,47,47
lnpmsh200,lnpmsh200,1.0,3,1,1,1,1,48,39,48,1,1,44,45,1,30,45,41,3,33,1,38,3,3,12,6,28,30,30,35,58,1
lnpmsh201,lnpmsh201,1.0,15,25,1,1,1,20,1,22,25,1,1,1,1,7,1,1,4,2,28,1,4,4,2,2,2,7,10,1,32,34
lnpmsh202,lnpmsh202,1.0,13,40,46,47,47,1,26,1,1,1,1,28,1,1,28,1,1,1,38,1,5,1,1,1,1,1,1,23,38,45
lnpmsh203,lnpmsh203,1.0,10,40,1,41,1,5,5,5,5,16,5,5,17,10,5,35,10,10,37,25,10,12,10,10,10,10,15,24,37,5
lnpmsh204,lnpmsh204,1.0,33,62,1,1,1,57,49,58,57,37,50,54,37,3,50,50,3,35,59,45,5,21,3,3,3,24,23,42,59,61
lnpmsh205,lnpmsh205,1.0,15,42,43,43,43,33,1,33,34,1,25,23,1,19,23,28,7,15,37,1,7,14,15,18,15,19,19,1,33,33
lnpmsh206,lnpmsh206,1.0,5,31,1,32,32,1,1,1,29,1,17,17,13,5,17,18,5,5,26,11,5,5,8,8,5,5,5,1,26,30
lnpmsh207,lnpmsh207,1.0,13,100,1,1,1,98,31,95,99,25,31,33,25,20,31,31,13,13,102,29,14,16,18,18,13,20,20,27,102,109
lnpmsh208,lnpmsh208,1.0,24,59,1,65,1,43,1,43,43,29,1,38,33,4,40,1,7,27,50,32,7,7,4,4,10,4,19,31,49,46
lnpmsh209,lnpmsh209,1.0,1,1,1,1,1,24,1,26,29,1,1,1,1,1,1,1,1,20,33,1,4,5,6,1,9,14,14,1,34,1
lnpmsh210,lnpmsh210,1.0,3,28,1,1,1,23,21,23,1,9,20,20,19,3,20,20,3,3,1,15,3,3,3,3,3,3,3,15,1,28
lnpmsh211,lnpmsh211,1.0,1,49,1,1,1,35,29,39,42,1,29,29,23,18,33,29,1,1,43,1,7,8,13,10,10,15,16,1,43,49
lnpmsh212,lnpmsh212,1.0,1,22,1,1,1,20,17,1,1,1,1,1,1,1,1,1,2,14,22,16,1,1,1,1,4,1,1,1,22,22
lnpmsh213,lnpmsh213,1.0,6,30,1,1,1,24,2,23,23,2,2,20,16,6,2,2,2,6,27,18,2,2,10,10,7,6,11,19,27,30
lnpmsh214,lnpmsh214,1.0,243,284,1,1,1,265,256,265,265,1,262,262,248,12,262,264,1,1,265,1,6,8,10,1,1,13,12,1,265,265
lnpmsh215,lnpmsh215,1.0,6,61,1,1,1,1,1,1,60,33,1,59,30,6,1,1,10,29,61,51,10,10,20,18,25,26,6,42,61,61
lnphh0,lnphh0,1.0,33,61,1,0,0,1,48,1,1,1,1,51,1,6,55,1,7,6,57,45,7,13,16,19,20,22,26,40,1,62
lnphh1,lnphh1,1.0,116,150,1,1,1,129,126,130,139,1,0,0,1,33,0,0,7,121,146,124,0,18,24,26,30,87,91,1,145,156
lnphh2,lnphh2,1.0,81,0,1,1,1,0,2,103,2,2,2,96,90,2,96,2,3,2,116,89,0,38,53,41,0,70,74,85,116,0
lnphh3,lnphh3,1.0,46,87,96,96,96,69,58,69,0,1,1,62,1,1,63,1,1,41,79,52,7,1,12,10,35,0,40,53,0,95
lnphh4,lnphh4,1.0,45,82,84,86,86,1,1,73,74,49,0,1,52,29,71,57,2,2,81,52,2,14,24,2,27,31,31,52,75,82
lnphh5,lnphh5,1.0,18,47,1,1,1,41,36,42,41,23,36,40,23,13,40,36,6,13,45,31,8,10,14,14,14,13,13,26,45,41
lnphh6,lnphh6,1.0,30,79,1,1,1,1,1,1,1,1,1,1,62,0,1,1,0,0,74,58,0,12,0,0,13,0,25,0,0,76
lnphh7,lnphh7,1.0,41,67,1,1,1,1,2,1,1,48,0,52,50,33,52,0,29,47,65,48,27,6,32,32,32,36,33,48,61,69
lnphh8,lnphh8,1.0,43,95,108,105,106,65,3,67,96,46,3,59,54,38,3,0,15,5,103,50,17,25,26,26,5,33,37,50,103,95
lnphh9,lnphh9,1.0,78,117,1,128,128,114,1,114,117,92,107,108,93,42,108,107,0,87,122,97,0,31,4,33,0,40,41,97,0,125
lnphh10,lnphh10,1.0,46,89,1,1,91,2,2,78,2,53,71,2,2,41,2,73,6,50,87,59,4,21,33,38,27,41,41,62,80,2
lnphh11,lnphh11,1.0,40,72,75,74,74,61,53,61,61,45,54,58,1,25,58,56,12,41,69,48,0,4,3,18,22,35,26,51,69,72
lnphh12,lnphh12,1.0,0,67,1,71,71,2,0,53,57,29,42,43,2,2,50,42,6,27,62,33,8,2,2,2,14,2,2,31,59,65
lnphh13,lnphh13,1.0,33,0,1,1,1,100,85,101,104,0,60,60,0,28,0,92,0,29,112,59,9,11,21,21,15,24,25,57,112,116
lnphh14,lnphh14,1.0,41,112,116,1,1,0,0,0,64,44,0,62,50,29,63,61,18,0,74,48,13,10,23,26,0,33,36,48,71,113
lnphh15,lnphh15,1.0,0,59,62,62,62,1,52,1,59,1,55,54,0,29,54,55,1,37,59,44,1,10,1,11,13,27,15,1,59,0
lnphh16,lnphh16,1.0,50,86,92,1,1,0,4,83,85,56,72,75,67,49,78,72,15,55,86,65,22,27,29,31,33,0,0,64,86,88
lnphh17,lnphh17,1.0,46,80,0,85,86,0,71,0,79,49,73,73,62,2,73,73,2,48,80,61,0,18,21,28,31,2,2,61,80,84
lnphh18,lnphh18,1.0,69,1,110,1,1,1,8,1,105,73,96,103,75,8,103,102,8,72,107,93,22,29,30,8,8,62,68,93,0,1
lnphh19,lnphh19,1.0,27,108,0,0,0,96,51,96,102,29,0,0,43,24,91,87,8,1,1,40,7,1,10,1,1,16,20,42,106,1
lnphh20,lnphh20,1.0,22,124,0,125,126,1,92,1,103,1,93,0,1,67,0,93,19,82,110,0,13,1,25,25,57,79,80,88,110,116
lnphh21,lnphh21,1.0,26,74,1,1,1,61,0,60,1,27,0,54,44,3,56,49,5,3,1,40,6,8,3,0,3,13,23,42,1,73
lnphh22,lnphh22,1.0,1,56,1,1,1,48,18,49,38,1,29,31,1,1,31,28,1,1,53,15,1,1,1,1,1,10,1,17,53,57
lnphh23,lnphh23,1.0,49,0,1,1,1,2,93,2,104,65,97,100,92,0,101,97,47,60,104,86,46,45,49,49,54,55,49,86,104,116
lnphh24,lnphh24,1.0,37,62,63,63,64,59,1,1,1,40,48,48,1,7,48,48,14,7,1,46,11,16,26,7,7,29,29,46,1,1
lnphh25,lnphh25,1.0,51,92,1,1,1,1,82,85,87,0,81,84,80,3,81,81,0,53,96,72,12,0,28,35,3,3,3,78,97,92
lnphh26,lnphh26,1.0,2,90,1,92,92,79,69,79,83,43,70,70,46,2,73,71,2,37,88,63,7,2,0,17,9,34,18,63,86,0
lnphh27,lnphh27,1.0,63,99,1,1,1,85,1,87,85,1,1,83,1,52,79,76,21,0,96,69,18,24,37,31,29,59,52,1,89,100
lnphh28,lnphh28,1.0,59,0,1,100,100,96,84,0,2,61,93,90,61,56,90,93,2,55,2,71,0,8,0,48,50,56,58,72,2,2
lnphh29,lnphh29,1.0,86,223,231,1,1,112,106,113,112,1,1,1,1,7,1,1,13,7,117,0,13,38,0,45,54,7,7,98,117,228
lnphh30,lnphh30,1.0,45,85,0,0,0,83,66,83,84,0,69,67,58,45,67,78,8,45,87,0,34,39,42,42,43,47,47,59,86,0
lnphh31,lnphh31,1.0,36,72,0,0,0,67,61,68,64,48,61,63,0,34,63,61,8,0,72,58,5,10,20,21,26,32,0,54,0,72
lnphh32,lnphh32,1.0,18,64,80,75,76,1,57,1,64,20,1,60,23,0,0,1,1,1,71,52,1,1,9,1,1,1,10,53,71,64
lnphh33,lnphh33,1.0,40,0,178,1,1,164,134,164,164,67,142,158,132,60,158,142,39,40,169,130,38,36,0,0,48,57,52,126,164,170
lnphh34,lnphh34,1.0,44,90,1,1,1,89,2,89,2,47,83,83,82,40,83,85,5,46,92,80,24,0,30,28,28,38,39,49,99,90
lnphh35,lnphh35,1.0,34,80,86,83,83,1,1,1,66,37,52,51,37,21,51,53,7,1,75,44,3,3,12,12,16,25,26,44,71,69
lnphnh0,lnphnh0,1.0,46,104,114,1,1,93,77,93,93,51,78,87,51,42,92,78,4,1,95,76,11,4,18,15,22,1,41,65,95,107
lnphnh1,lnphnh1,1.0,34,118,122,1,1,84,4,85,88,39,52,52,38,22,78,77,8,37,111,47,10,14,18,21,18,27,28,47,95,86
lnphnh2,lnphnh2,1.0,15,73,76,75,75,57,51,57,61,44,1,1,44,15,1,53,1,36,68,48,4,14,20,20,34,15,15,46,67,74
lnphnh3,lnphnh3,1.0,57,112,1,114,114,90,1,90,90,74,80,81,74,4,85,78,4,66,102,74,4,11,33,35,4,37,43,76,98,90
lnphnh4,lnphnh4,1.0,7,53,1,1,54,46,38,44,44,1,40,38,37,7,38,41,7,28,44,31,7,7,10,15,17,18,19,35,44,44
lnphnh5,lnphnh5,1.0,38,74,1,1,1,5,55,65,5,5,55,55,49,28,55,61,6,30,68,43,6,10,5,5,22,5,27,41,68,75
lnphnh6,lnphnh6,1.0,25,99,1,107,106,53,49,1,56,38,49,49,46,6,49,49,9,6,98,42,6,6,11,11,12,14,6,45,98,102
lnphnh7,lnphnh7,1.0,25,80,1,1,1,1,56,1,71,35,60,64,49,21,60,60,2,33,1,43,10,2,17,2,2,19,2,47,74,80
lnphnh8,lnphnh8,1.0,46,1,1,1,1,1,69,1,1,1,84,74,1,35,74,84,7,1,107,62,13,7,18,18,22,23,32,63,107,109
lnphnh9,lnphnh9,1.0,18,67,73,72,72,1,1,47,59,26,1,46,26,12,1,33,1,12,62,29,1,1,4,9,4,12,12,29,64,71
lnphnh10,lnphnh10,1.0,165,195,1,1,1,2,170,2,2,166,172,187,166,5,183,179,11,5,190,166,9,41,5,5,61,5,118,166,191,194
lnphnh11,lnphnh11,1.0,84,146,1,148,149,2,97,2,2,6,95,107,94,28,110,101,31,28,112,89,36,31,40,28,42,28,46,86,112,143
lnphnh12,lnphnh12,1.0,58,113,1,1,1,111,102,111,111,2,108,107,98,49,107,108,21,84,115,94,20,24,28,28,28,39,43,94,115,113
lnphnh13,lnphnh13,1.0,26,53,1,1,1,4,36,4,4,4,39,44,35,10,4,43,8,10,4,33,5,5,10,10,12,10,19,33,4,55
lnphnh14,lnphnh14,1.0,35,96,1,100,100,68,49,67,77,38,53,53,46,9,66,59,9,9,92,44,9,13,9,9,17,9,28,44,90,98
lnphnh15,lnphnh15,1.0,52,93,95,95,95,18,18,85,18,18,82,84,74,18,81,83,18,40,88,66,21,33,18,18,38,18,18,72,88,93
lnphnh16,lnphnh16,1.0,26,53,1,1,1,42,40,44,42,30,41,1,30,25,1,41,9,18,46,35,9,16,19,19,22,25,25,36,42,55
lnphnh17,lnphnh17,1.0,48,104,1,107,107,2,2,67,72,2,2,64,58,20,63,2,10,41,73,60,7,12,16,17,19,20,38,60,74,105
lnphnh18,lnphnh18,1.0,34,59,68,66,66,53,42,56,58,37,39,49,37,1,51,39,6,1,62,38,11,13,14,1,18,1,27,38,59,59
lnphnh19,lnphnh19,1.0,67,125,128,1,127,82,69,84,86,1,75,79,1,26,80,75,10,9,87,1,10,10,15,15,15,23,9,1,89,85
lnphnh20,lnphnh20,1.0,29,61,1,73,73,1,1,1,1,32,1,48,42,4,49,1,12,31,67,35,10,14,17,17,17,19,4,34,66,71
lnphnh21,lnphnh21,1.0,99,125,133,131,130,122,114,119,125,2,117,118,2,2,109,117,32,104,125,106,31,76,84,81,90,92,2,106,127,125
lnphnh22,lnphnh22,1.0,40,74,1,1,1,1,62,66,1,44,64,64,59,23,64,64,1,1,73,49,8,9,13,18,22,28,24,56,69,76
lnphnh23,lnphnh23,1.0,24,57,58,58,58,1,34,43,46,1,35,36,1,21,39,35,8,3,1,31,11,7,3,3,3,12,19,1,1,1
lnphnh24,lnphnh24,1.0,44,68,1,1,1,1,1,59,1,1,55,58,52,22,55,55,3,10,62,47,3,6,13,19,21,10,10,50,60,1
lnphnh25,lnphnh25,1.0,27,73,75,1,1,58,43,58,59,2,45,52,39,8,54,45,3,8,63,2,6,3,8,8,8,10,8,2,63,67
lnphnh26,lnphnh26,1.0,72,170,1,1,1,1,1,1,98,82,92,90,82,36,90,93,23,58,154,85,18,4,28,28,30,47,57,82,146,157
lnphnh27,lnphnh27,1.0,53,127,129,1,1,85,72,84,84,58,79,77,58,33,77,83,17,35,86,66,17,17,27,27,31,33,34,71,86,90
lnphnh28,lnphnh28,1.0,55,85,1,98,98,83,65,2,89,2,72,2,2,10,2,75,21,10,94,64,21,37,43,42,44,47,50,2,90,97
lnphnh29,lnphnh29,1.0,1,83,1,1,1,57,1,59,66,42,1,52,47,29,52,1,11,1,78,44,8,23,27,27,25,33,35,44,78,84
lnphnh30,lnphnh30,1.0,32,113,1,1,115,6,76,6,6,6,79,67,6,18,67,83,11,59,108,65,17,11,18,18,23,25,25,6,109,103
lnphnh31,lnphnh31,1.0,20,64,1,1,1,2,2,58,2,2,49,51,40,27,51,49,16,20,2,38,14,18,23,20,24,27,27,38,62,2
lnphnh32,lnphnh32,1.0,2,55,67,63,1,37,28,37,42,1,29,29,1,2,29,33,2,22,48,26,2,8,11,11,12,16,19,26,48,62
lnphnh33,lnphnh33,1.0,61,112,118,1,1,95,80,99,95,13,13,13,77,37,92,88,26,13,102,65,23,27,13,13,36,37,59,76,102,95
lnphnh34,lnphnh34,1.0,19,83,1,1,1,68,52,70,74,37,60,60,37,24,60,60,12,32,80,37,13,12,1,16,1,25,24,43,78,74
lnphnh35,lnphnh35,1.0,25,84,1,1,1,1,62,1,84,30,67,69,44,12,82,67,5,12,92,39,10,5,12,12,13,16,17,34,89,84
lnphnh36,lnphnh36,1.0,66,101,1,1,1,7,7,7,89,71,85,7,83,7,7,85,7,7,91,72,7,15,21,24,7,25,26,81,91,96
lnphnh37,lnphnh37,1.0,35,85,1,1,1,3,71,3,3,47,76,78,47,34,78,76,3,45,87,54,15,16,18,18,20,28,22,50,87,93
lnphnh38,lnphnh38,1.0,65,108,113,1,111,98,1,1,1,1,1,1,88,46,95,1,28,46,107,84,37,44,46,46,46,48,58,83,107,109
lnphnh39,lnphnh39,1.0,19,46,1,65,65,1,1,1,1,23,36,40,24,14,40,36,1,8,1,25,4,5,10,10,9,14,16,25,44,57
lnphnh40,lnphnh40,1.0,31,110,1,1,1,92,54,92,94,1,82,87,1,21,82,84,8,21,107,51,17,8,25,21,26,21,30,51,107,114
lnphnh41,lnphnh41,1.0,36,78,83,83,83,1,48,66,69,44,48,57,39,1,56,51,1,1,77,46,8,24,30,30,27,31,31,46,74,69
lnphnh42,lnphnh42,1.0,45,65,1,69,68,2,2,2,2,47,56,52,49,24,52,56,10,24,63,47,10,8,25,28,30,37,38,47,2,2
lnphnh43,lnphnh43,1.0,19,52,1,53,53,46,33,46,46,23,35,35,1,1,45,42,1,20,46,24,1,1,6,9,5,1,12,24,46,46
lnphnh44,lnphnh44,1.0,48,91,94,93,93,62,56,62,62,2,56,57,2,42,56,56,13,50,81,53,13,23,38,38,41,43,42,52,78,88
lnphnh45,lnphnh45,1.0,43,109,122,1,1,92,82,92,96,75,88,91,67,12,88,90,19,46,107,67,22,24,12,12,12,12,12,80,107,109
lnphnh46,lnphnh46,1.0,18,66,1,1,1,58,1,58,61,1,1,57,1,18,56,1,13,18,64,39,12,14,1,17,1,18,29,41,64,66
lnphnh47,lnphnh47,1.0,53,87,1,1,1,5,70,5,76,63,66,66,63,37,66,72,9,58,78,63,7,22,28,5,35,37,48,63,80,97
lnphnh48,lnphnh48,1.0,43,1,98,97,1,69,1,74,1,53,1,1,53,17,1,1,2,48,92,55,6,16,17,17,22,17,17,62,88,96
lnphnh49,lnphnh49,1.0,72,151,153,1,1,138,95,138,144,80,98,123,93,59,126,107,9,78,150,83,40,3,45,43,52,54,53,85,147,147
lnphnh50,lnphnh50,1.0,35,87,1,1,1,1,1,1,69,1,52,55,48,22,60,54,11,22,75,43,7,14,18,18,16,31,24,44,74,87
lnphnh51,lnphnh51,1.0,32,77,1,1,88,2,63,2,2,35,2,2,52,26,2,2,3,26,71,46,8,13,19,18,23,29,26,35,71,86
lnphnh52,lnphnh52,1.0,45,116,118,1,1,101,90,101,104,55,1,95,88,12,97,93,11,53,113,86,4,1,12,15,16,12,29,80,112,116
lnphnh53,lnphnh53,1.0,49,115,1,1,1,100,3,103,3,67,96,97,76,16,97,95,8,51,112,67,14,15,17,18,20,16,39,73,111,118
lnphnh54,lnphnh54,1.0,47,89,1,1,1,2,72,2,2,2,2,78,57,15,79,2,7,53,85,65,5,5,10,9,8,18,15,60,85,95
lnphnh55,lnphnh55,1.0,2,62,1,73,73,1,45,58,1,1,1,1,43,2,56,51,2,19,65,39,5,2,12,10,10,14,14,21,67,72
lnphnh56,lnphnh56,1.0,61,97,99,1,1,89,74,89,91,10,81,74,73,29,87,79,28,29,10,64,27,17,45,46,49,29,56,64,93,10
lnphnh57,lnphnh57,1.0,30,1,1,1,1,1,1,1,52,1,44,44,1,20,50,46,1,1,55,41,7,1,17,17,14,24,25,34,55,1
lnphnh58,lnphnh58,1.0,40,87,94,94,94,3,8,3,70,46,8,8,59,28,8,62,15,43,77,58,21,27,30,30,28,28,32,50,77,90
lnphnh59,lnphnh59,1.0,44,114,125,124,124,87,82,93,87,46,84,2,45,32,2,83,2,32,108,76,10,17,19,21,30,32,33,80,108,120
lnphnh60,lnphnh60,1.0,27,60,1,1,1,41,3,42,51,28,3,3,33,14,3,3,7,14,57,31,6,12,17,16,16,14,14,28,47,59
lnphnh61,lnphnh61,1.0,60,112,115,1,1,1,76,1,91,68,1,81,74,3,81,79,3,3,101,72,25,3,29,37,44,47,53,73,102,111
lnphnh62,lnphnh62,1.0,24,89,90,92,92,1,78,1,1,31,1,81,76,2,82,1,3,26,85,71,3,5,7,18,2,2,21,61,87,85
lnphnh63,lnphnh63,1.0,50,86,1,1,1,84,72,84,84,4,69,83,68,43,80,79,15,52,85,61,22,24,9,9,27,39,40,63,84,86
lnphnh64,lnphnh64,1.0,49,113,1,117,118,1,90,107,1,72,95,94,78,2,106,97,7,2,1,73,15,5,21,2,25,29,46,73,1,115
lnphnh65,lnphnh65,1.0,47,84,1,1,1,78,65,79,78,49,71,71,53,32,77,71,5,21,82,57,5,1,28,26,31,33,45,55,81,78
lnphnh66,lnphnh66,1.0,22,1,62,62,62,50,1,51,1,1,44,48,41,5,44,44,1,31,60,39,3,1,6,5,8,5,16,37,61,1
lnphnh67,lnphnh67,1.0,2,51,1,1,1,2,32,2,2,16,38,37,14,2,40,38,3,2,47,23,3,3,8,6,6,10,11,23,47,53
lnphnh68,lnphnh68,1.0,32,113,117,1,1,1,71,1,1,50,73,76,64,19,78,73,2,33,90,54,2,16,21,23,19,29,26,54,90,1
lnphnh69,lnphnh69,1.0,122,164,166,1,1,1,148,158,1,1,152,155,147,107,156,152,19,126,161,1,37,98,1,103,104,108,107,1,160,162
lnphnh70,lnphnh70,1.0,99,151,1,1,1,134,1,134,138,1,123,129,111,16,131,127,7,109,143,119,8,11,16,16,25,31,32,119,143,146
lnphnh71,lnphnh71,1.0,35,259,265,263,263,184,47,184,1,37,165,165,46,1,183,167,3,35,188,45,3,11,19,16,12,1,33,45,250,259
lnphnh72,lnphnh72,1.0,53,108,1,1,1,1,74,1,94,56,73,83,60,5,86,79,8,55,98,64,5,15,19,19,28,5,36,64,96,112
lnphnh73,lnphnh73,1.0,41,78,1,1,1,67,1,69,93,47,58,64,52,36,64,58,4,29,102,52,16,28,33,34,35,36,36,52,102,78
lnphnh74,lnphnh74,1.0,20,67,1,1,70,41,34,43,41,2,37,37,2,4,37,37,4,23,52,28,9,4,13,13,4,4,4,28,49,57
lnphnh75,lnphnh75,1.0,33,120,124,123,123,4,81,4,101,4,95,99,71,33,94,94,31,47,117,4,26,32,33,33,34,35,44,4,104,120
lnphnh76,lnphnh76,1.0,34,59,1,75,77,59,45,59,71,2,51,51,44,22,51,51,4,38,59,2,8,4,15,17,11,20,11,2,59,59
lnphnh77,lnphnh77,1.0,35,89,91,1,1,76,56,76,76,51,62,66,54,2,66,64,8,39,76,51,11,2,2,18,19,23,27,51,76,88
lnphnh78,lnphnh78,1.0,69,127,128,128,131,3,97,3,3,3,108,114,96,46,118,108,9,48,125,88,16,18,30,32,30,37,34,86,123,126
lnphnh79,lnphnh79,1.0,51,96,1,1,1,85,54,85,1,1,55,82,1,46,79,70,9,48,91,1,18,27,32,30,30,41,42,1,91,99
lnphnh80,lnphnh80,1.0,23,72,1,1,1,61,51,61,65,28,55,56,28,20,56,53,8,10,69,49,8,9,16,10,10,20,20,45,70,72
lnphnh81,lnphnh81,1.0,49,1,105,1,1,1,1,1,1,53,70,78,53,2,86,74,11,49,99,56,20,5,26,26,42,2,45,56,90,1
lnphnh82,lnphnh82,1.0,21,105,1,1,1,72,61,72,74,2,64,64,37,13,69,64,2,36,90,49,10,12,13,13,13,14,13,46,85,115
lnphnh83,lnphnh83,1.0,27,56,61,59,59,50,38,51,54,34,42,38,34,19,49,42,5,32,1,36,6,5,11,12,18,19,23,37,1,55
lnphnh84,lnphnh84,1.0,20,162,1,1,166,74,37,74,90,29,51,67,35,20,71,65,1,26,157,27,1,10,14,12,19,21,21,27,91,165
lnphnh85,lnphnh85,1.0,67,2,1,132,132,2,2,122,2,72,92,117,89,37,92,115,14,71,128,84,10,35,37,37,41,45,59,84,127,2
lnphnh86,lnphnh86,1.0,30,73,1,1,1,1,45,1,57,38,48,48,37,9,48,48,2,33,66,43,2,2,13,14,9,17,23,39,63,71
lnphnh87,lnphnh87,1.0,55,95,99,100,99,85,1,1,1,64,1,84,66,1,78,1,5,56,88,75,3,1,1,1,8,12,1,72,88,98
lnphnh88,lnphnh88,1.0,34,82,1,1,91,69,46,1,71,1,48,54,39,31,65,48,4,13,74,36,6,10,13,15,17,23,30,38,73,83
lnphnh89,lnphnh89,1.0,46,102,1,1,1,79,73,85,86,56,65,65,64,19,65,65,19,48,88,58,19,19,23,26,31,19,34,58,86,106
lnphnh90,lnphnh90,1.0,31,75,1,79,84,1,54,1,1,35,57,62,44,27,57,57,15,1,75,40,14,7,18,18,25,27,27,37,75,75
lnphnh91,lnphnh91,1.0,29,107,1,1,1,78,65,85,86,33,60,60,36,3,75,72,6,3,95,58,9,4,3,3,21,3,3,58,95,100
lnphnh92,lnphnh92,1.0,32,88,93,1,1,73,61,76,79,55,7,70,7,17,72,66,7,49,86,59,9,15,19,23,25,27,28,57,84,87
lnphnh93,lnphnh93,1.0,60,136,1,1,1,2,72,2,103,64,91,100,64,55,98,94,6,10,133,71,8,9,20,23,35,50,52,66,133,136
lnphnh94,lnphnh94,1.0,52,75,1,1,1,8,66,8,74,58,71,68,63,42,72,71,35,54,75,59,31,13,41,8,8,42,44,58,75,80
lnphnh95,lnphnh95,1.0,58,89,1,1,1,1,1,1,83,64,78,78,71,35,78,80,1,20,90,68,5,12,29,23,23,39,37,68,91,95
lnphnh96,lnphnh96,1.0,72,116,1,1,1,106,2,106,116,76,2,104,87,33,2,2,2,33,121,83,12,18,36,36,35,33,44,76,121,116
lnphnh97,lnphnh97,1.0,1,92,1,1,1,72,1,73,75,54,58,65,53,1,65,62,11,49,78,55,9,14,19,22,24,33,40,53,80,78
lnphnh98,lnphnh98,1.0,73,142,1,143,1,117,94,4,121,84,102,103,92,56,115,102,31,79,129,88,33,44,45,45,47,50,52,90,121,133
lnphnh99,lnphnh99,1.0,5,42,1,1,1,36,30,39,1,26,31,31,26,5,31,32,10,5,1,27,10,13,20,18,14,5,23,26,1,42
lnphnh100,lnphnh100,1.0,28,1,86,1,1,76,1,78,1,33,54,53,45,13,70,57,10,30,1,36,9,3,13,20,13,13,25,32,82,83
lnphnh101,lnphnh101,1.0,2,45,1,1,1,2,2,2,2,27,34,33,30,2,33,34,2,2,43,30,2,2,12,12,14,2,22,30,2,2
lnphnh102,lnphnh102,1.0,61,109,111,111,111,1,1,91,98,68,80,80,76,55,89,86,8,64,100,73,9,3,3,11,50,58,55,74,102,100
lnphnh103,lnphnh103,1.0,44,80,1,1,1,1,1,1,75,52,70,70,57,17,74,70,5,47,75,63,9,13,19,17,17,23,31,63,75,77
lnphnh104,lnphnh104,1.0,28,75,1,91,91,66,55,73,75,42,58,62,54,1,61,60,1,31,88,52,8,1,12,12,15,21,17,42,87,75
lnphnh105,lnphnh105,1.0,37,108,1,112,112,1,66,81,84,1,68,76,63,35,78,75,22,5,83,48,20,23,25,26,5,5,32,48,85,100
lnphnh106,lnphnh106,1.0,25,61,1,1,1,1,1,1,53,1,42,42,35,14,42,42,2,10,58,1,5,2,10,10,13,16,16,1,58,58
lnphnh107,lnphnh107,1.0,40,77,86,84,84,4,59,4,61,4,52,52,44,4,52,60,10,42,74,46,8,5,19,19,23,26,34,46,66,80
lnphnh108,lnphnh108,1.0,36,89,1,1,92,67,59,71,74,39,65,59,58,16,59,65,3,26,84,44,3,6,13,13,13,16,25,44,84,91
lnphnh109,lnphnh109,1.0,34,115,1,1,1,3,59,86,88,43,75,75,54,3,75,81,8,39,102,52,12,3,15,18,19,23,26,47,96,89
lnphnh110,lnphnh110,1.0,45,63,1,1,1,1,1,1,1,1,1,60,1,35,1,1,11,46,64,55,10,26,1,31,1,1,33,47,64,63
lnphnh111,lnphnh111,1.0,43,75,1,77,1,69,50,69,69,45,58,62,45,5,61,58,10,5,72,45,10,23,5,5,36,5,38,45,69,76
lnphnh112,lnphnh112,1.0,88,127,1,1,1,116,104,124,116,1,107,108,103,72,114,107,8,90,135,100,7,11,12,12,70,73,75,95,130,136
lnphnh113,lnphnh113,1.0,27,55,56,1,1,1,39,1,49,32,44,44,32,18,45,44,6,31,54,35,10,1,13,13,16,19,18,35,52,50
lnphnh114,lnphnh114,1.0,98,152,157,1,1,122,108,127,133,1,121,116,1,52,116,121,6,100,136,103,17,42,52,52,52,63,71,104,133,156
lnphnh115,lnphnh115,1.0,20,50,1,1,1,2,36,2,2,26,39,2,34,10,42,2,10,21,48,31,13,10,15,15,10,10,18,33,47,50
lnphnh116,lnphnh116,1.0,52,84,88,1,1,1,1,1,76,1,1,75,1,25,71,68,12,61,82,66,16,12,21,12,22,27,29,66,1,84
lnphnh117,lnphnh117,1.0,25,59,68,68,68,54,1,56,57,33,43,1,41,15,1,46,1,30,66,39,7,1,1,1,14,15,19,1,61,59
lnphnh118,lnphnh118,1.0,33,85,1,1,1,74,55,74,74,1,64,61,1,4,73,64,9,4,76,51,4,4,4,4,11,12,26,1,74,86
lnphnh119,lnphnh119,1.0,29,82,1,83,1,66,45,57,71,4,48,48,40,23,48,48,4,22,57,36,6,13,4,4,20,23,23,34,57,78
lnphnh120,lnphnh120,1.0,31,89,1,1,1,1,41,1,52,2,42,40,2,30,45,43,15,36,67,2,10,16,18,18,19,26,28,2,67,90
lnphnh121,lnphnh121,1.0,23,59,1,63,64,1,37,1,1,1,1,39,26,1,39,1,7,1,48,31,10,12,14,14,16,18,21,29,50,55
lnphnh122,lnphnh122,1.0,35,116,120,119,118,1,2,83,99,2,69,79,50,27,75,69,16,37,111,46,8,17,22,23,26,27,27,48,111,117
lnphnh123,lnphnh123,1.0,62,141,1,146,146,95,1,95,102,72,1,1,73,32,1,87,24,32,108,77,27,24,32,32,34,32,39,86,102,144
lnphnh124,lnphnh124,1.0,25,77,83,83,85,63,1,63,63,34,1,55,33,9,55,50,8,30,67,41,5,3,12,9,9,9,18,41,67,80
lnphnh125,lnphnh125,1.0,34,76,77,1,1,64,53,64,63,40,54,58,52,27,58,54,10,11,71,48,9,9,12,21,22,27,31,47,71,76
lnphnh126,lnphnh126,1.0,76,199,1,1,1,1,164,1,1,155,167,170,155,46,170,167,3,46,187,155,28,30,44,44,42,46,70,155,185,192
lnphnh127,lnphnh127,1.0,2,66,1,1,1,54,46,55,59,36,48,44,42,2,51,49,3,29,64,1,2,4,8,7,5,13,14,1,64,65
lnphnh128,lnphnh128,1.0,55,109,1,1,1,90,78,90,93,60,79,87,74,52,88,84,1,57,107,70,28,43,48,48,48,54,52,70,104,111
lnphnh129,lnphnh129,1.0,30,5,1,62,62,5,5,57,59,5,54,56,44,5,56,54,10,38,5,49,14,21,24,24,24,5,5,44,5,5
lnphnh130,lnphnh130,1.0,48,137,1,138,138,81,2,81,81,63,69,79,61,44,69,74,11,58,89,61,7,15,27,30,18,40,43,61,93,95
lnphnh131,lnphnh131,1.0,28,67,72,1,1,1,1,1,1,32,48,54,44,12,56,48,1,12,66,37,3,6,8,8,8,14,23,37,59,59
lnphnh132,lnphnh132,1.0,87,125,127,1,1,117,101,115,118,90,106,114,97,4,114,109,22,43,122,97,20,33,36,38,40,42,4,97,122,118
lnphnh133,lnphnh133,1.0,11,40,1,51,1,1,1,1,39,1,21,35,1,6,17,22,1,6,41,14,3,1,6,6,6,6,6,14,40,50
lnphnh134,lnphnh134,1.0,46,154,1,1,1,97,78,101,107,9,80,88,70,31,88,83,13,51,111,66,15,28,31,33,42,31,44,56,111,157
lnphnh135,lnphnh135,1.0,24,73,1,1,1,46,42,46,48,2,2,2,39,15,2,2,12,25,57,36,11,13,14,14,14,15,18,33,61,57
lnphnh136,lnphnh136,1.0,4,62,1,1,1,45,4,45,53,24,37,42,24,13,44,41,4,4,61,33,4,10,4,11,4,13,17,32,55,66
lnphnh137,lnphnh137,1.0,58,88,1,1,1,88,70,89,91,63,72,78,63,25,74,68,11,60,93,64,4,4,26,26,29,32,32,63,88,88
lnphnh138,lnphnh138,1.0,35,83,1,85,1,64,45,64,70,37,59,59,40,1,63,62,4,1,77,40,3,1,8,8,11,16,1,40,77,82
lnphnh139,lnphnh139,1.0,53,94,1,1,99,1,81,1,91,56,1,1,76,14,1,85,17,14,90,64,19,17,24,26,24,28,30,62,90,95
lnphnh140,lnphnh140,1.0,42,80,94,85,82,58,49,58,18,18,54,56,47,26,57,55,18,26,66,46,22,25,27,26,30,38,39,46,59,79
lnphnh141,lnphnh141,1.0,50,81,1,1,1,1,63,1,72,54,66,70,54,15,70,65,2,52,77,56,2,3,1,1,6,7,12,55,75,75
lnphnh142,lnphnh142,1.0,26,85,91,102,102,43,2,43,47,28,2,38,27,22,38,35,2,15,56,33,11,2,15,15,19,22,22,27,56,43
lnphnh143,lnphnh143,1.0,23,99,1,1,1,3,50,3,3,27,51,59,38,20,59,54,3,22,75,31,9,3,11,10,12,13,14,29,75,78
lnphnh144,lnphnh144,1.0,42,117,122,120,120,52,2,52,60,2,49,51,2,21,49,49,13,35,103,46,17,4,26,30,26,32,34,44,99,105
lnphnh145,lnphnh145,1.0,86,192,1,1,1,124,106,123,125,1,109,109,103,28,109,121,5,27,135,93,5,1,21,17,17,28,70,93,137,135
lnphnh146,lnphnh146,1.0,143,173,176,1,1,1,157,160,1,1,157,157,1,30,157,159,4,19,1,151,4,15,20,22,29,30,30,148,165,171
lnphnh147,lnphnh147,1.0,27,52,54,1,1,1,34,38,1,1,1,1,1,16,1,1,3,29,44,32,5,10,2,2,14,16,20,1,41,46
lnphnh148,lnphnh148,1.0,46,88,1,1,1,72,1,1,75,1,1,1,1,2,70,65,11,48,84,52,10,18,19,19,31,2,2,55,75,91
lnphnh149,lnphnh149,1.0,31,88,1,1,1,78,59,77,79,1,61,72,1,26,76,62,1,39,83,52,7,1,12,16,12,19,22,55,83,80
lnphnh150,lnphnh150,1.0,27,66,1,1,1,50,42,50,53,29,45,47,41,10,47,45,10,28,56,35,12,13,10,16,10,22,19,38,57,1
lnphnh151,lnphnh151,1.0,51,90,1,1,92,76,3,76,79,3,3,66,57,26,69,3,6,25,79,55,8,6,20,23,24,27,26,54,81,91
lnphnh152,lnphnh152,1.0,83,143,1,1,1,124,106,124,124,2,109,115,89,2,109,111,2,86,136,101,2,6,8,2,12,16,40,92,133,142
lnphnh153,lnphnh153,1.0,34,126,1,132,132,1,58,1,71,38,53,67,39,17,67,65,14,35,78,50,13,3,22,22,28,17,17,40,79,87
lnphnh154,lnphnh154,1.0,39,1,1,1,1,1,75,1,1,1,52,52,48,15,52,52,1,1,1,1,1,10,1,1,1,17,15,1,81,84
lnphnh155,lnphnh155,1.0,36,63,68,68,68,1,51,1,1,44,1,1,44,24,1,58,1,22,65,44,15,1,17,17,17,27,28,44,64,63
lnphnh156,lnphnh156,1.0,29,80,90,1,1,2,2,2,2,34,40,2,34,12,2,40,9,12,63,36,9,11,12,12,13,21,12,34,63,71
lnphnh157,lnphnh157,1.0,14,75,78,82,82,1,60,1,1,28,66,66,40,6,68,67,3,6,1,28,1,1,1,4,1,9,6,35,1,77
lnphnh158,lnphnh158,1.0,38,75,83,77,77,59,1,59,63,1,1,52,43,11,57,1,3,11,64,1,3,3,14,11,15,21,26,42,69,58
lnphnh159,lnphnh159,1.0,56,149,151,1,1,105,2,112,117,2,79,86,72,41,84,77,2,58,139,63,2,2,33,33,2,41,46,2,139,150
lnphnh160,lnphnh160,1.0,38,78,79,79,79,1,1,1,70,43,67,69,1,35,69,67,3,3,73,46,6,25,27,27,3,33,34,48,73,73
lnphnh161,lnphnh161,1.0,30,68,71,71,71,61,48,63,1,1,49,55,43,20,1,51,13,39,1,40,13,13,20,20,20,20,22,40,1,70
lnphnh162,lnphnh162,1.0,82,126,1,137,137,2,104,2,126,88,111,116,100,58,116,115,58,85,129,95,63,58,69,69,73,75,77,88,129,126
lnphnh163,lnphnh163,1.0,43,4,1,82,82,4,54,4,74,47,60,67,47,35,67,60,22,35,78,52,19,6,24,30,33,37,35,52,75,81
lnphnh164,lnphnh164,1.0,15,100,1,1,1,1,56,1,1,18,59,60,17,7,60,59,2,7,92,52,2,4,7,12,7,14,7,17,96,1
lnphnh165,lnphnh165,1.0,18,58,1,1,1,41,30,41,1,24,31,27,24,18,27,32,8,18,53,24,7,12,15,14,14,20,22,24,46,43
lnphnh166,lnphnh166,1.0,39,88,1,1,1,71,52,1,75,45,56,64,1,8,67,60,6,8,81,1,2,7,9,14,9,16,19,46,81,88
lnphnh167,lnphnh167,1.0,38,103,104,1,1,96,55,96,98,1,63,94,40,20,94,65,7,39,99,40,10,18,28,23,21,35,37,48,99,99
lnphnh168,lnphnh168,1.0,41,90,95,99,99,74,68,74,73,49,71,71,51,37,71,71,1,1,85,60,9,1,17,14,21,33,1,54,77,92
lnphnh169,lnphnh169,1.0,34,83,1,1,1,1,1,62,66,49,1,1,49,1,1,55,1,38,66,52,1,3,1,7,1,30,1,52,66,85
lnphnh170,lnphnh170,1.0,47,82,1,1,97,1,69,1,82,50,1,80,66,1,1,1,1,1,87,63,5,1,15,31,12,34,43,60,84,93
lnphnh171,lnphnh171,1.0,28,102,106,104,104,49,1,49,50,30,43,1,30,6,1,47,6,6,94,41,7,9,12,12,6,6,6,38,94,101
lnphnh172,lnphnh172,1.0,35,124,125,1,1,120,59,120,120,45,70,64,2,30,117,72,17,43,120,2,12,19,20,23,20,25,28,2,122,124
lnphnh173,lnphnh173,1.0,53,104,1,109,107,87,1,1,91,62,80,84,70,1,84,83,15,60,92,69,11,17,20,20,27,29,30,66,92,105
lnphnh174,lnphnh174,1.0,80,137,140,140,142,118,1,118,1,86,111,116,86,7,111,111,7,83,136,107,34,52,55,53,56,57,59,99,128,137
lnphnh175,lnphnh175,1.0,33,100,1,1,103,91,2,92,91,63,76,87,52,2,87,75,2,38,95,69,6,2,2,9,10,24,30,67,95,102
lnphnh176,lnphnh176,1.0,84,124,1,1,1,120,109,118,123,92,110,110,92,5,110,110,19,5,128,98,17,33,5,37,59,61,5,93,128,124
lnphnh177,lnphnh177,1.0,26,86,88,1,87,48,1,48,48,30,39,43,30,22,43,37,2,22,55,33,2,2,6,2,17,23,23,33,53,48
lnphnh178,lnphnh178,1.0,28,61,62,63,62,1,2,1,1,35,2,54,42,13,55,51,2,13,60,39,8,2,18,17,21,22,26,39,60,61
lnphnh179,lnphnh179,1.0,66,110,128,125,125,98,89,97,103,74,90,92,82,54,92,90,4,60,120,74,7,9,16,16,42,48,53,74,120,110
lnphnh180,lnphnh180,1.0,39,92,1,1,1,73,55,75,72,1,59,59,50,15,70,67,10,1,80,41,1,13,1,1,1,15,35,41,80,87
lnphnh181,lnphnh181,1.0,46,111,1,112,1,88,66,88,92,4,70,70,4,37,70,85,25,48,95,59,24,26,4,4,33,39,42,50,92,97
lnphnh182,lnphnh182,1.0,45,142,154,145,145,1,115,1,1,51,122,129,107,1,125,122,3,1,138,105,6,12,14,15,17,19,31,55,134,139
lnphnh183,lnphnh183,1.0,21,72,1,77,77,2,2,2,69,23,2,60,25,2,60,58,2,2,72,24,2,7,10,10,16,2,2,24,73,76
lnphnh184,lnphnh184,1.0,13,71,1,1,1,1,55,1,1,1,57,1,1,28,1,58,10,13,63,52,8,1,16,17,25,40,48,52,65,71
lnphnh185,lnphnh185,1.0,26,68,1,1,1,46,38,46,51,33,39,43,2,16,43,39,9,31,55,2,3,12,17,16,16,16,22,2,54,54
lnphnh186,lnphnh186,1.0,32,80,88,83,86,59,47,1,1,1,49,56,43,19,56,51,5,1,72,41,10,5,1,1,18,19,28,39,72,66
lnphnh187,lnphnh187,1.0,51,100,1,1,1,75,1,76,75,56,1,70,56,16,70,69,4,16,79,60,8,11,21,16,23,29,16,60,79,104
lnphnh188,lnphnh188,1.0,52,114,1,117,117,86,1,86,89,56,66,66,56,37,82,77,23,53,109,65,21,36,46,47,41,37,37,56,109,116
lnphnh189,lnphnh189,1.0,26,45,1,1,1,1,1,1,1,1,32,35,1,1,33,32,1,21,42,28,4,1,1,1,11,16,12,1,42,44
lnphnh190,lnphnh190,1.0,46,100,1,102,102,1,84,1,1,1,1,1,82,1,1,1,6,71,97,80,8,6,1,10,22,27,23,80,97,101
lnphnh191,lnphnh191,1.0,29,95,1,100,100,86,61,79,92,37,70,75,55,20,75,71,17,34,94,37,9,7,21,21,21,20,20,40,92,96
lnphnh192,lnphnh192,1.0,85,132,203,1,1,1,120,1,1,1,121,127,116,73,128,121,37,95,200,98,29,5,47,47,65,67,71,1,196,132
lnphnh193,lnphnh193,1.0,24,72,97,93,93,61,31,63,61,26,34,52,26,10,60,51,1,25,67,26,2,5,1,1,1,10,19,26,69,61
lnphnh194,lnphnh194,1.0,35,86,1,87,89,10,44,72,75,38,57,61,37,30,47,60,18,24,80,41,14,20,24,25,24,31,32,41,80,86
lnphnh195,lnphnh195,1.0,53,79,1,1,1,1,1,69,74,1,1,1,59,45,1,1,12,58,77,67,20,24,28,29,33,41,43,67,77,79
lnphnh196,lnphnh196,1.0,45,107,1,1,1,1,71,1,1,54,1,1,65,34,1,73,6,30,98,59,26,6,30,31,30,34,37,63,85,1
lnphnh197,lnphnh197,1.0,52,109,1,1,1,89,79,90,1,74,86,88,77,62,82,86,6,52,107,73,48,6,56,58,60,62,68,76,105,102
lnphnh198,lnphnh198,1.0,55,110,1,1,1,99,1,99,1,1,93,81,1,44,81,91,1,59,102,75,1,1,11,11,38,44,54,76,102,102
lnphnh199,lnphnh199,1.0,37,111,1,1,1,89,71,89,89,51,77,77,53,3,86,84,3,3,96,62,8,3,14,14,16,3,18,55,96,89
lnphnh200,lnphnh200,1.0,58,107,1,110,110,1,85,1,1,70,91,87,82,1,87,91,1,1,99,74,4,28,1,1,43,1,1,70,99,1
lnphnh201,lnphnh201,1.0,50,95,97,96,96,86,80,86,86,70,77,77,70,14,77,77,17,63,90,75,24,30,33,33,33,14,14,76,89,91
lnphnh202,lnphnh202,1.0,33,81,90,88,88,77,49,78,81,38,58,64,1,1,75,60,1,37,81,44,1,7,21,14,14,24,1,45,81,81
lnphnh203,lnphnh203,1.0,43,72,1,1,1,62,51,63,66,1,52,60,1,26,52,57,1,45,68,1,1,1,1,1,5,13,21,1,66,66
lnphnh204,lnphnh204,1.0,62,112,120,1,1,107,89,109,106,65,100,98,86,4,98,103,4,63,116,70,8,4,14,11,11,16,58,80,113,112
lnphnh205,lnphnh205,1.0,1,73,77,77,77,1,51,1,1,44,1,58,34,1,1,53,5,26,62,46,11,1,1,1,15,1,21,46,61,76
lnphnh206,lnphnh206,1.0,21,78,1,1,1,1,50,1,1,32,56,61,32,21,59,56,2,29,70,42,12,14,17,2,20,21,23,42,68,68
lnphnh207,lnphnh207,1.0,27,83,1,87,88,53,42,60,69,33,43,46,40,23,52,43,9,17,78,39,13,14,21,19,19,25,23,36,78,85
lnphnh208,lnphnh208,1.0,95,132,1,1,1,112,101,112,111,96,106,103,99,7,103,105,8,94,111,96,19,81,7,7,7,87,93,98,111,111
lnphnh209,lnphnh209,1.0,69,113,1,115,1,91,79,90,97,72,87,89,2,42,88,79,9,9,97,2,24,28,33,35,39,46,50,2,104,97
lnphnh210,lnphnh210,1.0,65,117,124,127,127,1,1,1,1,74,93,99,73,28,93,94,4,4,114,85,17,19,4,4,24,42,51,86,113,122
lnphnh211,lnphnh211,1.0,34,101,1,1,1,1,2,1,79,46,58,2,52,9,2,68,2,38,100,47,7,2,15,11,17,19,29,47,96,76
lnphnh212,lnphnh212,1.0,28,72,1,1,1,1,51,65,66,41,2,55,50,14,62,2,6,35,71,45,9,3,14,14,17,19,14,49,71,66
lnphnh213,lnphnh213,1.0,48,101,1,115,118,90,1,90,97,60,85,89,61,5,87,84,5,51,98,65,13,5,24,23,23,5,31,65,98,105
lnphnh214,lnphnh214,1.0,11,121,123,1,122,102,8,104,106,8,92,95,36,11,99,91,26,31,112,79,24,11,11,11,11,11,11,79,1,116
lnphnh215,lnphnh215,1.0,31,69,1,73,73,1,54,1,1,35,59,54,51,1,54,54,6,1,66,48,5,8,10,1,13,1,1,37,1,70